|         64 |       32 |        1 |    53.83 |    65536 |    0 | 8.7360e+04 |
|        128 |       32 |        1 |    80.34 |    65536 |    0 | 6.9901e+05 |
|        256 |       32 |        1 |   104.63 |    65536 |    0 | 5.5923e+06 |
|        512 |       32 |        1 |   119.44 |    65536 |    0 | 4.4739e+07 |
|       1024 |       32 |        1 |   114.21 |    65536 |    0 | 3.5791e+08 |
|       2048 |       32 |        1 |   126.07 |    32768 |    0 | 2.8633e+09 |
|       4096 |       32 |        1 |   131.91 |    16384 |    0 | 2.2906e+10 |
|       8192 |       32 |        1 |   137.56 |     8192 |    0 | 1.8325e+11 |
|      16384 |       32 |        1 |   140.44 |     4096 |    0 | 1.4660e+12 |
|      32768 |       32 |        1 |   141.89 |     2048 |    0 | 1.1728e+13 |
|      65536 |       32 |        1 |   142.45 |     1024 |    0 | 9.3825e+13 |
|     131072 |       32 |        1 |   143.60 |      512 |    0 | 7.5060e+14 |
|     262144 |       32 |        1 |   142.83 |      256 |    0 | 6.0048e+15 |
|     524288 |       32 |        1 |   142.77 |      128 |    0 | 4.8038e+16 |
|    1048576 |       32 |        1 |   142.67 |       64 |    0 | 3.8431e+17 |
|    2097152 |       32 |        1 |   142.66 |       32 |    0 | 3.0745e+18 |
|    4194304 |       32 |        1 |   142.72 |       16 |    0 | 2.4596e+19 |
|    8388608 |       32 |        1 |   141.18 |        8 |    0 | 1.9677e+20 |
|   16777216 |       32 |        1 |   139.90 |        8 |    0 | 1.5741e+21 |
|   33554432 |       32 |        1 |   142.09 |        8 |    0 | 1.2593e+22 |
|   67108864 |       32 |        1 |   141.63 |        8 |    0 | 1.0074e+23 |
@
|         64 |       64 |        1 |    66.45 |    65536 |    0 | 8.7360e+04 |
|        128 |       64 |        1 |   111.63 |    65536 |    0 | 6.9901e+05 |
|        256 |       64 |        1 |   163.39 |    65536 |    0 | 5.5923e+06 |
|        512 |       64 |        1 |   211.81 |    65536 |    0 | 4.4739e+07 |
|       1024 |       64 |        1 |   244.94 |    65536 |    0 | 3.5791e+08 |
|       2048 |       64 |        1 |   267.26 |    32768 |    0 | 2.8633e+09 |
|       4096 |       64 |        1 |   288.03 |    16384 |    0 | 2.2906e+10 |
|       8192 |       64 |        1 |   293.32 |     8192 |    0 | 1.8325e+11 |
|      16384 |       64 |        1 |   299.54 |     4096 |    0 | 1.4660e+12 |
|      32768 |       64 |        1 |   301.76 |     2048 |    0 | 1.1728e+13 |
|      65536 |       64 |        1 |   303.60 |     1024 |    0 | 9.3825e+13 |
|     131072 |       64 |        1 |   303.08 |      512 |    0 | 7.5060e+14 |
|     262144 |       64 |        1 |   290.99 |      256 |    0 | 6.0048e+15 |
|     524288 |       64 |        1 |   289.33 |      128 |    0 | 4.8038e+16 |
|    1048576 |       64 |        1 |   288.56 |       64 |    0 | 3.8431e+17 |
|    2097152 |       64 |        1 |   287.80 |       32 |    0 | 3.0745e+18 |
|    4194304 |       64 |        1 |   286.02 |       16 |    0 | 2.4596e+19 |
|    8388608 |       64 |        1 |   281.41 |        8 |    0 | 1.9677e+20 |
|   16777216 |       64 |        1 |   281.78 |        8 |    0 | 1.5741e+21 |
|   33554432 |       64 |        1 |   279.05 |        8 |    0 | 1.2593e+22 |
|   67108864 |       64 |        1 |   283.12 |        8 |    0 | 1.0074e+23 |
@
|         64 |      128 |        1 |    66.77 |    65536 |    0 | 8.7360e+04 |
|        128 |      128 |        1 |   136.60 |    65536 |    0 | 6.9901e+05 |
|        256 |      128 |        1 |   222.72 |    65536 |    0 | 5.5923e+06 |
|        512 |      128 |        1 |   326.17 |    65536 |    0 | 4.4739e+07 |
|       1024 |      128 |        1 |   417.99 |    65536 |    0 | 3.5791e+08 |
|       2048 |      128 |        1 |   411.35 |    32768 |    0 | 2.8633e+09 |
|       4096 |      128 |        1 |   534.86 |    16384 |    0 | 2.2906e+10 |
|       8192 |      128 |        1 |   579.79 |     8192 |    0 | 1.8325e+11 |
|      16384 |      128 |        1 |   472.14 |     4096 |    0 | 1.4660e+12 |
|      32768 |      128 |        1 |   604.93 |     2048 |    0 | 1.1728e+13 |
|      65536 |      128 |        1 |   488.86 |     1024 |    0 | 9.3825e+13 |
|     131072 |      128 |        1 |   551.89 |      512 |    0 | 7.5060e+14 |
|     262144 |      128 |        1 |   563.35 |      256 |    0 | 6.0048e+15 |
|     524288 |      128 |        1 |   583.97 |      128 |    0 | 4.8038e+16 |
|    1048576 |      128 |        1 |   579.84 |       64 |    0 | 3.8431e+17 |
|    2097152 |      128 |        1 |   571.95 |       32 |    0 | 3.0745e+18 |
|    4194304 |      128 |        1 |   541.79 |       16 |    0 | 2.4596e+19 |
|    8388608 |      128 |        1 |   498.50 |        8 |    0 | 1.9677e+20 |
|   16777216 |      128 |        1 |   539.29 |        8 |    0 | 1.5741e+21 |
|   33554432 |      128 |        1 |   557.54 |        8 |    0 | 1.2593e+22 |
|   67108864 |      128 |        1 |   558.26 |        8 |    0 | 1.0074e+23 |
@
|         64 |      256 |        1 |    66.77 |    65536 |    0 | 8.7360e+04 |
|        128 |      256 |        1 |   137.43 |    65536 |    0 | 6.9901e+05 |
|        256 |      256 |        1 |   273.26 |    65536 |    0 | 5.5923e+06 |
|        512 |      256 |        1 |   449.26 |    65536 |    0 | 4.4739e+07 |
|       1024 |      256 |        1 |   658.48 |    65536 |    0 | 3.5791e+08 |
|       2048 |      256 |        1 |   837.29 |    32768 |    0 | 2.8633e+09 |
|       4096 |      256 |        1 |  1005.59 |    16384 |    0 | 2.2906e+10 |
|       8192 |      256 |        1 |  1092.84 |     8192 |    0 | 1.8325e+11 |
|      16384 |      256 |        1 |  1141.70 |     4096 |    0 | 1.4660e+12 |
|      32768 |      256 |        1 |  1184.69 |     2048 |    0 | 1.1728e+13 |
|      65536 |      256 |        1 |  1177.25 |     1024 |    0 | 9.3825e+13 |
|     131072 |      256 |        1 |  1184.94 |      512 |    0 | 7.5060e+14 |
|     262144 |      256 |        1 |  1148.41 |      256 |    0 | 6.0048e+15 |
|     524288 |      256 |        1 |  1157.54 |      128 |    0 | 4.8038e+16 |
|    1048576 |      256 |        1 |  1076.43 |       64 |    0 | 3.8431e+17 |
|    2097152 |      256 |        1 |  1134.27 |       32 |    0 | 3.0745e+18 |
|    4194304 |      256 |        1 |  1055.08 |       16 |    0 | 2.4596e+19 |
|    8388608 |      256 |        1 |  1048.60 |        8 |    0 | 1.9677e+20 |
|   16777216 |      256 |        1 |  1020.07 |        8 |    0 | 1.5741e+21 |
|   33554432 |      256 |        1 |  1027.94 |        8 |    0 | 1.2593e+22 |
|   67108864 |      256 |        1 |  1002.58 |        8 |    0 | 1.0074e+23 |
@
|         64 |      512 |        1 |    66.96 |    65536 |    0 | 8.7360e+04 |
|        128 |      512 |        1 |   136.97 |    65536 |    0 | 6.9901e+05 |
|        256 |      512 |        1 |   272.75 |    65536 |    0 | 5.5923e+06 |
|        512 |      512 |        1 |   492.88 |    65536 |    0 | 4.4739e+07 |
|       1024 |      512 |        1 |   798.33 |    65536 |    0 | 3.5791e+08 |
|       2048 |      512 |        1 |  1155.26 |    32768 |    0 | 2.8633e+09 |
|       4096 |      512 |        1 |  1509.97 |    16384 |    0 | 2.2906e+10 |
|       8192 |      512 |        1 |  1768.51 |     8192 |    0 | 1.8325e+11 |
|      16384 |      512 |        1 |  1946.58 |     4096 |    0 | 1.4660e+12 |
|      32768 |      512 |        1 |  2049.57 |     2048 |    0 | 1.1728e+13 |
|      65536 |      512 |        1 |  2113.73 |     1024 |    0 | 9.3825e+13 |
|     131072 |      512 |        1 |  2116.66 |      512 |    0 | 7.5060e+14 |
|     262144 |      512 |        1 |  1956.42 |      256 |    0 | 6.0048e+15 |
|     524288 |      512 |        1 |  1992.75 |      128 |    0 | 4.8038e+16 |
|    1048576 |      512 |        1 |  1953.72 |       64 |    0 | 3.8431e+17 |
|    2097152 |      512 |        1 |  1860.60 |       32 |    0 | 3.0745e+18 |
|    4194304 |      512 |        1 |  1764.21 |       16 |    0 | 2.4596e+19 |
|    8388608 |      512 |        1 |  1626.11 |        8 |    0 | 1.9677e+20 |
|   16777216 |      512 |        1 |  1625.63 |        8 |    0 | 1.5741e+21 |
|   33554432 |      512 |        1 |  1640.97 |        8 |    0 | 1.2593e+22 |
|   67108864 |      512 |        1 |  1642.84 |        8 |    0 | 1.0074e+23 |
@
|         64 |     1024 |        1 |    66.63 |    65536 |    0 | 8.7360e+04 |
|        128 |     1024 |        1 |   137.34 |    65536 |    0 | 6.9901e+05 |
|        256 |     1024 |        1 |   274.66 |    65536 |    0 | 5.5923e+06 |
|        512 |     1024 |        1 |   491.39 |    65536 |    0 | 4.4739e+07 |
|       1024 |     1024 |        1 |   856.72 |    65536 |    0 | 3.5791e+08 |
|       2048 |     1024 |        1 |  1423.79 |    32768 |    0 | 2.8633e+09 |
|       4096 |     1024 |        1 |  2086.84 |    16384 |    0 | 2.2906e+10 |
|       8192 |     1024 |        1 |  2730.08 |     8192 |    0 | 1.8325e+11 |
|      16384 |     1024 |        1 |  3188.27 |     4096 |    0 | 1.4660e+12 |
|      32768 |     1024 |        1 |  3448.64 |     2048 |    0 | 1.1728e+13 |
|      65536 |     1024 |        1 |  3617.06 |     1024 |    0 | 9.3825e+13 |
|     131072 |     1024 |        1 |  3611.38 |      512 |    0 | 7.5060e+14 |
|     262144 |     1024 |        1 |  3190.02 |      256 |    0 | 6.0048e+15 |
|     524288 |     1024 |        1 |  3123.53 |      128 |    0 | 4.8038e+16 |
|    1048576 |     1024 |        1 |  3039.85 |       64 |    0 | 3.8431e+17 |
|    2097152 |     1024 |        1 |  2945.95 |       32 |    0 | 3.0745e+18 |
|    4194304 |     1024 |        1 |   714.45 |       16 |    0 | 2.4596e+19 |
|    8388608 |     1024 |        1 |   695.28 |        8 |    0 | 1.9677e+20 |
|   16777216 |     1024 |        1 |   702.92 |        8 |    0 | 1.5741e+21 |
|   33554432 |     1024 |        1 |   705.89 |        8 |    0 | 1.2593e+22 |
|   67108864 |     1024 |        1 |   701.70 |        8 |    0 | 1.0074e+23 |
@
|         64 |     2048 |        1 |    67.25 |    65536 |    0 | 8.7360e+04 |
|        128 |     2048 |        1 |   137.64 |    65536 |    0 | 6.9901e+05 |
|        256 |     2048 |        1 |   273.53 |    65536 |    0 | 5.5923e+06 |
|        512 |     2048 |        1 |   490.86 |    65536 |    0 | 4.4739e+07 |
|       1024 |     2048 |        1 |   857.44 |    65536 |    0 | 3.5791e+08 |
|       2048 |     2048 |        1 |   973.24 |    32768 |    0 | 2.8633e+09 |
|       4096 |     2048 |        1 |  1576.60 |    16384 |    0 | 2.2906e+10 |
|       8192 |     2048 |        1 |  2259.43 |     8192 |    0 | 1.8325e+11 |
|      16384 |     2048 |        1 |  2833.39 |     4096 |    0 | 1.4660e+12 |
|      32768 |     2048 |        1 |  3140.27 |     2048 |    0 | 1.1728e+13 |
|      65536 |     2048 |        1 |  3254.62 |     1024 |    0 | 9.3825e+13 |
|     131072 |     2048 |        1 |  3333.55 |      512 |    0 | 7.5060e+14 |
|     262144 |     2048 |        1 |  3257.20 |      256 |    0 | 6.0048e+15 |
|     524288 |     2048 |        1 |  3084.14 |      128 |    0 | 4.8038e+16 |
|    1048576 |     2048 |        1 |  2841.31 |       64 |    0 | 3.8431e+17 |
|    2097152 |     2048 |        1 |  2760.77 |       32 |    0 | 3.0745e+18 |
|    4194304 |     2048 |        1 |  1080.62 |       16 |    0 | 2.4596e+19 |
|    8388608 |     2048 |        1 |   903.25 |        8 |    0 | 1.9677e+20 |
|   16777216 |     2048 |        1 |   740.35 |        8 |    0 | 1.5741e+21 |
|   33554432 |     2048 |        1 |   699.05 |        8 |    0 | 1.2593e+22 |
|   67108864 |     2048 |        1 |   631.84 |        8 |    0 | 1.0074e+23 |
@
|         64 |     4096 |        1 |    43.86 |    65536 |    0 | 8.7360e+04 |
|        128 |     4096 |        1 |    89.25 |    65536 |    0 | 6.9901e+05 |
|        256 |     4096 |        1 |   165.32 |    65536 |    0 | 5.5923e+06 |
|        512 |     4096 |        1 |   329.47 |    65536 |    0 | 4.4739e+07 |
|       1024 |     4096 |        1 |   580.28 |    65536 |    0 | 3.5791e+08 |
|       2048 |     4096 |        1 |   876.57 |    32768 |    0 | 2.8633e+09 |
|       4096 |     4096 |        1 |  1176.34 |    16384 |    0 | 2.2906e+10 |
|       8192 |     4096 |        1 |  1925.33 |     8192 |    0 | 1.8325e+11 |
|      16384 |     4096 |        1 |  2790.92 |     4096 |    0 | 1.4660e+12 |
|      32768 |     4096 |        1 |  3540.13 |     2048 |    0 | 1.1728e+13 |
|      65536 |     4096 |        1 |  4014.40 |     1024 |    0 | 9.3825e+13 |
|     131072 |     4096 |        1 |  4213.31 |      512 |    0 | 7.5060e+14 |
|     262144 |     4096 |        1 |  4339.10 |      256 |    0 | 6.0048e+15 |
|     524288 |     4096 |        1 |  4123.52 |      128 |    0 | 4.8038e+16 |
|    1048576 |     4096 |        1 |  3669.40 |       64 |    0 | 3.8431e+17 |
|    2097152 |     4096 |        1 |  3527.59 |       32 |    0 | 3.0745e+18 |
|    4194304 |     4096 |        1 |  3255.32 |       16 |    0 | 2.4596e+19 |
|    8388608 |     4096 |        1 |  1338.72 |        8 |    0 | 1.9677e+20 |
|   16777216 |     4096 |        1 |  1201.37 |        8 |    0 | 1.5741e+21 |
|   33554432 |     4096 |        1 |   893.04 |        8 |    0 | 1.2593e+22 |
|   67108864 |     4096 |        1 |   922.65 |        8 |    0 | 1.0074e+23 |

