|         64 |     4096 |       20 |    43.90 |    65536 |    0 | 8.7360e+04 |
|        128 |     4096 |       20 |    89.22 |    65536 |    0 | 6.9901e+05 |
|        256 |     4096 |       20 |   164.51 |    65536 |    0 | 5.5923e+06 |
|        512 |     4096 |       20 |   327.02 |    65536 |    0 | 4.4739e+07 |
|       1024 |     4096 |       20 |   577.86 |    65536 |    0 | 3.5791e+08 |
|       2048 |     4096 |       20 |   865.29 |    32768 |    0 | 2.8633e+09 |
|       4096 |     4096 |       20 |  1150.74 |    16384 |    0 | 2.2906e+10 |
|       8192 |     4096 |       20 |  2297.29 |     8192 |    0 | 1.8325e+11 |
|      16384 |     4096 |       20 |  4559.18 |     4096 |    0 | 1.4660e+12 |
|      32768 |     4096 |       20 |  8973.69 |     2048 |    0 | 1.1728e+13 |
|      65536 |     4096 |       20 | 17358.34 |     1024 |    0 | 9.3825e+13 |
|     131072 |     4096 |       20 | 25596.60 |      512 |    0 | 7.5060e+14 |
|     262144 |     4096 |       20 | 34736.13 |      256 |    0 | 6.0048e+15 |
|     524288 |     4096 |       20 | 34701.63 |      128 |    0 | 4.8038e+16 |
|    1048576 |     4096 |       20 | 26582.32 |       64 |    0 | 3.8431e+17 |
|    2097152 |     4096 |       20 | 19705.93 |       32 |    0 | 3.0745e+18 |
|    4194304 |     4096 |       20 | 13668.93 |       16 |    0 | 2.4596e+19 |
|    8388608 |     4096 |       20 |  8176.09 |        8 |    0 | 1.9677e+20 |
|   16777216 |     4096 |       20 |  8267.58 |        8 |    0 | 1.5741e+21 |
|   33554432 |     4096 |       20 |  7612.51 |        8 |    0 | 1.2593e+22 |
|   67108864 |     4096 |       20 |  7450.71 |        8 |    0 | 1.0074e+23 |
@
|         64 |     4096 |       40 |    43.86 |    65536 |    0 | 8.7360e+04 |
|        128 |     4096 |       40 |    89.08 |    65536 |    0 | 6.9901e+05 |
|        256 |     4096 |       40 |   164.27 |    65536 |    0 | 5.5923e+06 |
|        512 |     4096 |       40 |   326.50 |    65536 |    0 | 4.4739e+07 |
|       1024 |     4096 |       40 |   576.20 |    65536 |    0 | 3.5791e+08 |
|       2048 |     4096 |       40 |   861.75 |    32768 |    0 | 2.8633e+09 |
|       4096 |     4096 |       40 |  1149.07 |    16384 |    0 | 2.2906e+10 |
|       8192 |     4096 |       40 |  2290.95 |     8192 |    0 | 1.8325e+11 |
|      16384 |     4096 |       40 |  4533.31 |     4096 |    0 | 1.4660e+12 |
|      32768 |     4096 |       40 |  8918.42 |     2048 |    0 | 1.1728e+13 |
|      65536 |     4096 |       40 | 17203.57 |     1024 |    0 | 9.3825e+13 |
|     131072 |     4096 |       40 | 30431.38 |      512 |    0 | 7.5060e+14 |
|     262144 |     4096 |       40 | 44098.90 |      256 |    0 | 6.0048e+15 |
|     524288 |     4096 |       40 | 45564.82 |      128 |    0 | 4.8038e+16 |
|    1048576 |     4096 |       40 | 30331.00 |       64 |    0 | 3.8431e+17 |
|    2097152 |     4096 |       40 | 21161.06 |       32 |    0 | 3.0745e+18 |
|    4194304 |     4096 |       40 |  5961.92 |       16 |    0 | 2.4596e+19 |
|    8388608 |     4096 |       40 |  8999.61 |        8 |    0 | 1.9677e+20 |
|   16777216 |     4096 |       40 |  9242.54 |        8 |    0 | 1.5741e+21 |
|   33554432 |     4096 |       40 |  9349.45 |        8 |    0 | 1.2593e+22 |
|   67108864 |     4096 |       40 |  9122.68 |        8 |    0 | 1.0074e+23 |
@
|         64 |     4096 |       60 |    43.72 |    65536 |    0 | 8.7360e+04 |
|        128 |     4096 |       60 |    88.70 |    65536 |    0 | 6.9901e+05 |
|        256 |     4096 |       60 |   163.65 |    65536 |    0 | 5.5923e+06 |
|        512 |     4096 |       60 |   325.15 |    65536 |    0 | 4.4739e+07 |
|       1024 |     4096 |       60 |   574.50 |    65536 |    0 | 3.5791e+08 |
|       2048 |     4096 |       60 |   856.49 |    32768 |    0 | 2.8633e+09 |
|       4096 |     4096 |       60 |  1143.49 |    16384 |    0 | 2.2906e+10 |
|       8192 |     4096 |       60 |  2280.28 |     8192 |    0 | 1.8325e+11 |
|      16384 |     4096 |       60 |  4516.64 |     4096 |    0 | 1.4660e+12 |
|      32768 |     4096 |       60 |  8884.85 |     2048 |    0 | 1.1728e+13 |
|      65536 |     4096 |       60 | 17126.59 |     1024 |    0 | 9.3825e+13 |
|     131072 |     4096 |       60 | 29427.59 |      512 |    0 | 7.5060e+14 |
|     262144 |     4096 |       60 | 42989.06 |      256 |    0 | 6.0048e+15 |
|     524288 |     4096 |       60 | 50236.30 |      128 |    0 | 4.8038e+16 |
|    1048576 |     4096 |       60 | 32324.22 |       64 |    0 | 3.8431e+17 |
|    2097152 |     4096 |       60 | 21442.48 |       32 |    0 | 3.0745e+18 |
|    4194304 |     4096 |       60 | 14592.91 |       16 |    0 | 2.4596e+19 |
|    8388608 |     4096 |       60 |  9403.79 |        8 |    0 | 1.9677e+20 |
|   16777216 |     4096 |       60 |  9524.12 |        8 |    0 | 1.5741e+21 |
|   33554432 |     4096 |       60 |  9508.94 |        8 |    0 | 1.2593e+22 |
|   67108864 |     4096 |       60 |  9384.97 |        8 |    0 | 1.0074e+23 |
@
|         64 |     4096 |       80 |    22.78 |    65536 |    0 | 8.7360e+04 |
|        128 |     4096 |       80 |    45.92 |    65536 |    0 | 6.9901e+05 |
|        256 |     4096 |       80 |    87.05 |    65536 |    0 | 5.5923e+06 |
|        512 |     4096 |       80 |   165.21 |    65536 |    0 | 4.4739e+07 |
|       1024 |     4096 |       80 |   284.37 |    65536 |    0 | 3.5791e+08 |
|       2048 |     4096 |       80 |   454.80 |    32768 |    0 | 2.8633e+09 |
|       4096 |     4096 |       80 |   609.13 |    16384 |    0 | 2.2906e+10 |
|       8192 |     4096 |       80 |  1214.72 |     8192 |    0 | 1.8325e+11 |
|      16384 |     4096 |       80 |  2413.60 |     4096 |    0 | 1.4660e+12 |
|      32768 |     4096 |       80 |  4771.03 |     2048 |    0 | 1.1728e+13 |
|      65536 |     4096 |       80 |  9394.23 |     1024 |    0 | 9.3825e+13 |
|     131072 |     4096 |       80 | 17140.03 |      512 |    0 | 7.5060e+14 |
|     262144 |     4096 |       80 | 30691.87 |      256 |    0 | 6.0048e+15 |
|     524288 |     4096 |       80 | 38718.23 |      128 |    0 | 4.8038e+16 |
|    1048576 |     4096 |       80 | 33461.15 |       64 |    0 | 3.8431e+17 |
|    2097152 |     4096 |       80 | 22631.61 |       32 |    0 | 3.0745e+18 |
|    4194304 |     4096 |       80 | 14327.66 |       16 |    0 | 2.4596e+19 |
|    8388608 |     4096 |       80 |  9541.06 |        8 |    0 | 1.9677e+20 |
|   16777216 |     4096 |       80 |  9741.95 |        8 |    0 | 1.5741e+21 |
|   33554432 |     4096 |       80 |  9935.06 |        8 |    0 | 1.2593e+22 |
|   67108864 |     4096 |       80 |  9901.29 |        8 |    0 | 1.0074e+23 |
@
|         64 |     4096 |      100 |     6.85 |    65536 |    0 | 8.7360e+04 |
|        128 |     4096 |      100 |     1.58 |    65536 |    0 | 6.9901e+05 |
|        256 |     4096 |      100 |    79.47 |    65536 |    0 | 5.5923e+06 |
|        512 |     4096 |      100 |   164.20 |    65536 |    0 | 4.4739e+07 |
|       1024 |     4096 |      100 |   285.52 |    65536 |    0 | 3.5791e+08 |
|       2048 |     4096 |      100 |   452.28 |    32768 |    0 | 2.8633e+09 |
|       4096 |     4096 |      100 |   608.77 |    16384 |    0 | 2.2906e+10 |
|       8192 |     4096 |      100 |  1215.28 |     8192 |    0 | 1.8325e+11 |
|      16384 |     4096 |      100 |  2409.12 |     4096 |    0 | 1.4660e+12 |
|      32768 |     4096 |      100 |  4760.06 |     2048 |    0 | 1.1728e+13 |
|      65536 |     4096 |      100 |  9315.54 |     1024 |    0 | 9.3825e+13 |
|     131072 |     4096 |      100 | 17102.97 |      512 |    0 | 7.5060e+14 |
|     262144 |     4096 |      100 | 27446.38 |      256 |    0 | 6.0048e+15 |
|     524288 |     4096 |      100 | 34804.05 |      128 |    0 | 4.8038e+16 |
|    1048576 |     4096 |      100 | 34902.67 |       64 |    0 | 3.8431e+17 |
|    2097152 |     4096 |      100 | 22651.35 |       32 |    0 | 3.0745e+18 |
|    4194304 |     4096 |      100 | 14530.02 |       16 |    0 | 2.4596e+19 |
|    8388608 |     4096 |      100 |  9432.87 |        8 |    0 | 1.9677e+20 |
|   16777216 |     4096 |      100 |  9732.75 |        8 |    0 | 1.5741e+21 |
|   33554432 |     4096 |      100 | 10124.76 |        8 |    0 | 1.2593e+22 |
|   67108864 |     4096 |      100 | 10499.49 |        8 |    0 | 1.0074e+23 |
@
|         64 |     4096 |      120 |    22.73 |    65536 |    0 | 8.7360e+04 |
|        128 |     4096 |      120 |    45.84 |    65536 |    0 | 6.9901e+05 |
|        256 |     4096 |      120 |    86.90 |    65536 |    0 | 5.5923e+06 |
|        512 |     4096 |      120 |   165.07 |    65536 |    0 | 4.4739e+07 |
|       1024 |     4096 |      120 |   285.50 |    65536 |    0 | 3.5791e+08 |
|       2048 |     4096 |      120 |   455.22 |    32768 |    0 | 2.8633e+09 |
|       4096 |     4096 |      120 |   606.39 |    16384 |    0 | 2.2906e+10 |
|       8192 |     4096 |      120 |  1210.19 |     8192 |    0 | 1.8325e+11 |
|      16384 |     4096 |      120 |  2388.23 |     4096 |    0 | 1.4660e+12 |
|      32768 |     4096 |      120 |  4752.02 |     2048 |    0 | 1.1728e+13 |
|      65536 |     4096 |      120 |  9299.95 |     1024 |    0 | 9.3825e+13 |
|     131072 |     4096 |      120 | 17086.39 |      512 |    0 | 7.5060e+14 |
|     262144 |     4096 |      120 | 30516.90 |      256 |    0 | 6.0048e+15 |
|     524288 |     4096 |      120 | 39065.33 |      128 |    0 | 4.8038e+16 |
|    1048576 |     4096 |      120 | 36899.77 |       64 |    0 | 3.8431e+17 |
|    2097152 |     4096 |      120 | 23004.39 |       32 |    0 | 3.0745e+18 |
|    4194304 |     4096 |      120 | 15283.81 |       16 |    0 | 2.4596e+19 |
|    8388608 |     4096 |      120 |  9274.09 |        8 |    0 | 1.9677e+20 |
|   16777216 |     4096 |      120 |  9975.24 |        8 |    0 | 1.5741e+21 |
|   33554432 |     4096 |      120 | 10372.21 |        8 |    0 | 1.2593e+22 |
|   67108864 |     4096 |      120 | 10269.30 |        8 |    0 | 1.0074e+23 |
@
|         64 |     4096 |      140 |    15.08 |    65536 |    0 | 8.7360e+04 |
|        128 |     4096 |      140 |    29.75 |    65536 |    0 | 6.9901e+05 |
|        256 |     4096 |      140 |    57.23 |    65536 |    0 | 5.5923e+06 |
|        512 |     4096 |      140 |   104.83 |    65536 |    0 | 4.4739e+07 |
|       1024 |     4096 |      140 |   185.89 |    65536 |    0 | 3.5791e+08 |
|       2048 |     4096 |      140 |   302.53 |    32768 |    0 | 2.8633e+09 |
|       4096 |     4096 |      140 |   416.55 |    16384 |    0 | 2.2906e+10 |
|       8192 |     4096 |      140 |   828.93 |     8192 |    0 | 1.8325e+11 |
|      16384 |     4096 |      140 |  1655.17 |     4096 |    0 | 1.4660e+12 |
|      32768 |     4096 |      140 |  3278.80 |     2048 |    0 | 1.1728e+13 |
|      65536 |     4096 |      140 |  6474.91 |     1024 |    0 | 9.3825e+13 |
|     131072 |     4096 |      140 | 12056.31 |      512 |    0 | 7.5060e+14 |
|     262144 |     4096 |      140 | 22244.68 |      256 |    0 | 6.0048e+15 |
|     524288 |     4096 |      140 | 34478.09 |      128 |    0 | 4.8038e+16 |
|    1048576 |     4096 |      140 | 35710.11 |       64 |    0 | 3.8431e+17 |
|    2097152 |     4096 |      140 | 25014.19 |       32 |    0 | 3.0745e+18 |
|    4194304 |     4096 |      140 | 15675.90 |       16 |    0 | 2.4596e+19 |
|    8388608 |     4096 |      140 |  9545.56 |        8 |    0 | 1.9677e+20 |
|   16777216 |     4096 |      140 |  9960.35 |        8 |    0 | 1.5741e+21 |
|   33554432 |     4096 |      140 | 10338.40 |        8 |    0 | 1.2593e+22 |
|   67108864 |     4096 |      140 | 10590.32 |        8 |    0 | 1.0074e+23 |
@
|         64 |     4096 |      160 |    14.94 |    65536 |    0 | 8.7360e+04 |
|        128 |     4096 |      160 |    29.50 |    65536 |    0 | 6.9901e+05 |
|        256 |     4096 |      160 |    58.19 |    65536 |    0 | 5.5923e+06 |
|        512 |     4096 |      160 |   103.69 |    65536 |    0 | 4.4739e+07 |
|       1024 |     4096 |      160 |   183.30 |    65536 |    0 | 3.5791e+08 |
|       2048 |     4096 |      160 |   298.72 |    32768 |    0 | 2.8633e+09 |
|       4096 |     4096 |      160 |   420.30 |    16384 |    0 | 2.2906e+10 |
|       8192 |     4096 |      160 |   835.54 |     8192 |    0 | 1.8325e+11 |
|      16384 |     4096 |      160 |  1668.07 |     4096 |    0 | 1.4660e+12 |
|      32768 |     4096 |      160 |  3254.95 |     2048 |    0 | 1.1728e+13 |
|      65536 |     4096 |      160 |  6399.83 |     1024 |    0 | 9.3825e+13 |
|     131072 |     4096 |      160 | 11961.31 |      512 |    0 | 7.5060e+14 |
|     262144 |     4096 |      160 | 22260.39 |      256 |    0 | 6.0048e+15 |
|     524288 |     4096 |      160 | 34680.30 |      128 |    0 | 4.8038e+16 |
|    1048576 |     4096 |      160 | 33836.42 |       64 |    0 | 3.8431e+17 |
|    2097152 |     4096 |      160 | 24810.73 |       32 |    0 | 3.0745e+18 |
|    4194304 |     4096 |      160 | 15957.98 |       16 |    0 | 2.4596e+19 |
|    8388608 |     4096 |      160 |  9697.33 |        8 |    0 | 1.9677e+20 |
|   16777216 |     4096 |      160 | 10104.37 |        8 |    0 | 1.5741e+21 |
|   33554432 |     4096 |      160 | 10516.11 |        8 |    0 | 1.2593e+22 |
|   67108864 |     4096 |      160 | 10729.71 |        8 |    0 | 1.0074e+23 |
@
|         64 |     4096 |      180 |    15.00 |    65536 |    0 | 8.7360e+04 |
|        128 |     4096 |      180 |    29.65 |    65536 |    0 | 6.9901e+05 |
|        256 |     4096 |      180 |    58.00 |    65536 |    0 | 5.5923e+06 |
|        512 |     4096 |      180 |   104.60 |    65536 |    0 | 4.4739e+07 |
|       1024 |     4096 |      180 |   185.05 |    65536 |    0 | 3.5791e+08 |
|       2048 |     4096 |      180 |   305.10 |    32768 |    0 | 2.8633e+09 |
|       4096 |     4096 |      180 |   417.50 |    16384 |    0 | 2.2906e+10 |
|       8192 |     4096 |      180 |   831.72 |     8192 |    0 | 1.8325e+11 |
|      16384 |     4096 |      180 |  1633.62 |     4096 |    0 | 1.4660e+12 |
|      32768 |     4096 |      180 |  3266.01 |     2048 |    0 | 1.1728e+13 |
|      65536 |     4096 |      180 |  6418.64 |     1024 |    0 | 9.3825e+13 |
|     131072 |     4096 |      180 | 12002.25 |      512 |    0 | 7.5060e+14 |
|     262144 |     4096 |      180 | 22627.87 |      256 |    0 | 6.0048e+15 |
|     524288 |     4096 |      180 | 34377.56 |      128 |    0 | 4.8038e+16 |
|    1048576 |     4096 |      180 | 33125.45 |       64 |    0 | 3.8431e+17 |
|    2097152 |     4096 |      180 | 26353.00 |       32 |    0 | 3.0745e+18 |
|    4194304 |     4096 |      180 | 14861.26 |       16 |    0 | 2.4596e+19 |
|    8388608 |     4096 |      180 |  9382.67 |        8 |    0 | 1.9677e+20 |
|   16777216 |     4096 |      180 | 10077.66 |        8 |    0 | 1.5741e+21 |
|   33554432 |     4096 |      180 | 10336.51 |        8 |    0 | 1.2593e+22 |
|   67108864 |     4096 |      180 | 10487.40 |        8 |    0 | 1.0074e+23 |
@
|         64 |     4096 |      200 |    11.92 |    65536 |    0 | 8.7360e+04 |
|        128 |     4096 |      200 |    23.41 |    65536 |    0 | 6.9901e+05 |
|        256 |     4096 |      200 |    45.32 |    65536 |    0 | 5.5923e+06 |
|        512 |     4096 |      200 |    84.25 |    65536 |    0 | 4.4739e+07 |
|       1024 |     4096 |      200 |   147.87 |    65536 |    0 | 3.5791e+08 |
|       2048 |     4096 |      200 |   237.31 |    32768 |    0 | 2.8633e+09 |
|       4096 |     4096 |      200 |   327.57 |    16384 |    0 | 2.2906e+10 |
|       8192 |     4096 |      200 |   649.08 |     8192 |    0 | 1.8325e+11 |
|      16384 |     4096 |      200 |  1293.41 |     4096 |    0 | 1.4660e+12 |
|      32768 |     4096 |      200 |  2564.36 |     2048 |    0 | 1.1728e+13 |
|      65536 |     4096 |      200 |  5059.59 |     1024 |    0 | 9.3825e+13 |
|     131072 |     4096 |      200 |  9701.30 |      512 |    0 | 7.5060e+14 |
|     262144 |     4096 |      200 | 17957.00 |      256 |    0 | 6.0048e+15 |
|     524288 |     4096 |      200 | 28938.81 |      128 |    0 | 4.8038e+16 |
|    1048576 |     4096 |      200 | 30922.98 |       64 |    0 | 3.8431e+17 |
|    2097152 |     4096 |      200 | 24478.58 |       32 |    0 | 3.0745e+18 |
|    4194304 |     4096 |      200 | 15307.91 |       16 |    0 | 2.4596e+19 |
|    8388608 |     4096 |      200 |  9630.17 |        8 |    0 | 1.9677e+20 |
|   16777216 |     4096 |      200 |  9972.06 |        8 |    0 | 1.5741e+21 |
|   33554432 |     4096 |      200 | 10460.27 |        8 |    0 | 1.2593e+22 |
|   67108864 |     4096 |      200 | 10691.74 |        8 |    0 | 1.0074e+23 |
@
|         64 |     4096 |      220 |    11.90 |    65536 |    0 | 8.7360e+04 |
|        128 |     4096 |      220 |    23.37 |    65536 |    0 | 6.9901e+05 |
|        256 |     4096 |      220 |    45.30 |    65536 |    0 | 5.5923e+06 |
|        512 |     4096 |      220 |    84.22 |    65536 |    0 | 4.4739e+07 |
|       1024 |     4096 |      220 |   147.67 |    65536 |    0 | 3.5791e+08 |
|       2048 |     4096 |      220 |   236.96 |    32768 |    0 | 2.8633e+09 |
|       4096 |     4096 |      220 |   326.69 |    16384 |    0 | 2.2906e+10 |
|       8192 |     4096 |      220 |   648.26 |     8192 |    0 | 1.8325e+11 |
|      16384 |     4096 |      220 |  1290.78 |     4096 |    0 | 1.4660e+12 |
|      32768 |     4096 |      220 |  2560.38 |     2048 |    0 | 1.1728e+13 |
|      65536 |     4096 |      220 |  5047.70 |     1024 |    0 | 9.3825e+13 |
|     131072 |     4096 |      220 |  9594.30 |      512 |    0 | 7.5060e+14 |
|     262144 |     4096 |      220 | 17874.48 |      256 |    0 | 6.0048e+15 |
|     524288 |     4096 |      220 | 28733.28 |      128 |    0 | 4.8038e+16 |
|    1048576 |     4096 |      220 | 29994.84 |       64 |    0 | 3.8431e+17 |
|    2097152 |     4096 |      220 | 24826.11 |       32 |    0 | 3.0745e+18 |
|    4194304 |     4096 |      220 | 14960.06 |       16 |    0 | 2.4596e+19 |
|    8388608 |     4096 |      220 |  9534.33 |        8 |    0 | 1.9677e+20 |
|   16777216 |     4096 |      220 |  9982.78 |        8 |    0 | 1.5741e+21 |
|   33554432 |     4096 |      220 | 10380.01 |        8 |    0 | 1.2593e+22 |
|   67108864 |     4096 |      220 | 10691.65 |        8 |    0 | 1.0074e+23 |
