b)
|         64 |       32 |        1 |    31.51 |    65536 |    0 | 8.7360e+04 |
|        128 |       32 |        1 |    62.20 |    65536 |    0 | 6.9901e+05 |
|        256 |       32 |        1 |   112.28 |    65536 |    0 | 5.5923e+06 |
|        512 |       32 |        1 |   195.41 |    65536 |    0 | 4.4739e+07 |
|       1024 |       32 |        1 |   300.03 |    65536 |    0 | 3.5791e+08 |
|       2048 |       32 |        1 |   414.46 |    32768 |    0 | 2.8633e+09 |
|       4096 |       32 |        1 |   502.80 |    16384 |    0 | 2.2906e+10 |
|       8192 |       32 |        1 |   570.51 |     8192 |    0 | 1.8325e+11 |
|      16384 |       32 |        1 |   606.67 |     4096 |    0 | 1.4660e+12 |
|      32768 |       32 |        1 |   633.93 |     2048 |    0 | 1.1728e+13 |
|      65536 |       32 |        1 |   640.41 |     1024 |    0 | 9.3825e+13 |
|     131072 |       32 |        1 |   659.31 |      512 |    0 | 7.5060e+14 |
|     262144 |       32 |        1 |   527.13 |      256 |    0 | 6.0048e+15 |
|     524288 |       32 |        1 |   525.11 |      128 |    0 | 4.8038e+16 |
|    1048576 |       32 |        1 |   524.29 |       64 |    0 | 3.8431e+17 |
|    2097152 |       32 |        1 |   521.60 |       32 |    0 | 3.0745e+18 |
|    4194304 |       32 |        1 |   512.83 |       16 |    0 | 2.4596e+19 |
|    8388608 |       32 |        1 |   500.41 |        8 |    0 | 1.9677e+20 |
|   16777216 |       32 |        1 |   501.05 |        8 |    0 | 1.5741e+21 |
|   33554432 |       32 |        1 |   509.04 |        8 |    0 | 1.2593e+22 |
|   67108864 |       32 |        1 |   507.55 |        8 |    0 | 1.0074e+23 |
@
|         64 |       64 |        1 |    30.85 |    65536 |    0 | 8.7360e+04 |
|        128 |       64 |        1 |    61.48 |    65536 |    0 | 6.9901e+05 |
|        256 |       64 |        1 |   120.80 |    65536 |    0 | 5.5923e+06 |
|        512 |       64 |        1 |   215.73 |    65536 |    0 | 4.4739e+07 |
|       1024 |       64 |        1 |   363.39 |    65536 |    0 | 3.5791e+08 |
|       2048 |       64 |        1 |   565.89 |    32768 |    0 | 2.8633e+09 |
|       4096 |       64 |        1 |   789.68 |    16384 |    0 | 2.2906e+10 |
|       8192 |       64 |        1 |   985.91 |     8192 |    0 | 1.8325e+11 |
|      16384 |       64 |        1 |  1120.30 |     4096 |    0 | 1.4660e+12 |
|      32768 |       64 |        1 |  1217.30 |     2048 |    0 | 1.1728e+13 |
|      65536 |       64 |        1 |  1238.44 |     1024 |    0 | 9.3825e+13 |
|     131072 |       64 |        1 |  1283.44 |      512 |    0 | 7.5060e+14 |
|     262144 |       64 |        1 |  1006.16 |      256 |    0 | 6.0048e+15 |
|     524288 |       64 |        1 |   990.98 |      128 |    0 | 4.8038e+16 |
|    1048576 |       64 |        1 |   985.33 |       64 |    0 | 3.8431e+17 |
|    2097152 |       64 |        1 |   974.82 |       32 |    0 | 3.0745e+18 |
|    4194304 |       64 |        1 |   946.86 |       16 |    0 | 2.4596e+19 |
|    8388608 |       64 |        1 |   902.77 |        8 |    0 | 1.9677e+20 |
|   16777216 |       64 |        1 |   908.86 |        8 |    0 | 1.5741e+21 |
|   33554432 |       64 |        1 |   919.98 |        8 |    0 | 1.2593e+22 |
|   67108864 |       64 |        1 |   919.30 |        8 |    0 | 1.0074e+23 |
@
|         64 |      128 |        1 |    31.16 |    65536 |    0 | 8.7360e+04 |
|        128 |      128 |        1 |    61.31 |    65536 |    0 | 6.9901e+05 |
|        256 |      128 |        1 |   122.30 |    65536 |    0 | 5.5923e+06 |
|        512 |      128 |        1 |   229.37 |    65536 |    0 | 4.4739e+07 |
|       1024 |      128 |        1 |   431.27 |    65536 |    0 | 3.5791e+08 |
|       2048 |      128 |        1 |   731.39 |    32768 |    0 | 2.8633e+09 |
|       4096 |      128 |        1 |  1116.11 |    16384 |    0 | 2.2906e+10 |
|       8192 |      128 |        1 |  1553.58 |     8192 |    0 | 1.8325e+11 |
|      16384 |      128 |        1 |  1938.40 |     4096 |    0 | 1.4660e+12 |
|      32768 |      128 |        1 |  2226.33 |     2048 |    0 | 1.1728e+13 |
|      65536 |      128 |        1 |  2374.15 |     1024 |    0 | 9.3825e+13 |
|     131072 |      128 |        1 |  2479.98 |      512 |    0 | 7.5060e+14 |
|     262144 |      128 |        1 |  1911.89 |      256 |    0 | 6.0048e+15 |
|     524288 |      128 |        1 |  1909.39 |      128 |    0 | 4.8038e+16 |
|    1048576 |      128 |        1 |  1871.35 |       64 |    0 | 3.8431e+17 |
|    2097152 |      128 |        1 |  1810.66 |       32 |    0 | 3.0745e+18 |
|    4194304 |      128 |        1 |  1764.65 |       16 |    0 | 2.4596e+19 |
|    8388608 |      128 |        1 |  1632.43 |        8 |    0 | 1.9677e+20 |
|   16777216 |      128 |        1 |  1608.21 |        8 |    0 | 1.5741e+21 |
|   33554432 |      128 |        1 |  1625.02 |        8 |    0 | 1.2593e+22 |
|   67108864 |      128 |        1 |  1633.98 |        8 |    0 | 1.0074e+23 |
@
|         64 |      256 |        1 |    30.82 |    65536 |    0 | 8.7360e+04 |
|        128 |      256 |        1 |    60.94 |    65536 |    0 | 6.9901e+05 |
|        256 |      256 |        1 |   116.23 |    65536 |    0 | 5.5923e+06 |
|        512 |      256 |        1 |   225.78 |    65536 |    0 | 4.4739e+07 |
|       1024 |      256 |        1 |   436.78 |    65536 |    0 | 3.5791e+08 |
|       2048 |      256 |        1 |   799.01 |    32768 |    0 | 2.8633e+09 |
|       4096 |      256 |        1 |  1354.27 |    16384 |    0 | 2.2906e+10 |
|       8192 |      256 |        1 |  2109.12 |     8192 |    0 | 1.8325e+11 |
|      16384 |      256 |        1 |  2978.96 |     4096 |    0 | 1.4660e+12 |
|      32768 |      256 |        1 |  3698.99 |     2048 |    0 | 1.1728e+13 |
|      65536 |      256 |        1 |  4223.32 |     1024 |    0 | 9.3825e+13 |
|     131072 |      256 |        1 |  4580.13 |      512 |    0 | 7.5060e+14 |
|     262144 |      256 |        1 |  3460.27 |      256 |    0 | 6.0048e+15 |
|     524288 |      256 |        1 |  3449.54 |      128 |    0 | 4.8038e+16 |
|    1048576 |      256 |        1 |  3410.11 |       64 |    0 | 3.8431e+17 |
|    2097152 |      256 |        1 |  3274.03 |       32 |    0 | 3.0745e+18 |
|    4194304 |      256 |        1 |  3047.98 |       16 |    0 | 2.4596e+19 |
|    8388608 |      256 |        1 |  2643.48 |        8 |    0 | 1.9677e+20 |
|   16777216 |      256 |        1 |  2613.49 |        8 |    0 | 1.5741e+21 |
|   33554432 |      256 |        1 |  2760.44 |        8 |    0 | 1.2593e+22 |
|   67108864 |      256 |        1 |  2640.36 |        8 |    0 | 1.0074e+23 |
@
|         64 |      512 |        1 |    31.13 |    65536 |    0 | 8.7360e+04 |
|        128 |      512 |        1 |    61.31 |    65536 |    0 | 6.9901e+05 |
|        256 |      512 |        1 |   117.27 |    65536 |    0 | 5.5923e+06 |
|        512 |      512 |        1 |   220.44 |    65536 |    0 | 4.4739e+07 |
|       1024 |      512 |        1 |   426.87 |    65536 |    0 | 3.5791e+08 |
|       2048 |      512 |        1 |   832.47 |    32768 |    0 | 2.8633e+09 |
|       4096 |      512 |        1 |  1490.90 |    16384 |    0 | 2.2906e+10 |
|       8192 |      512 |        1 |  2534.39 |     8192 |    0 | 1.8325e+11 |
|      16384 |      512 |        1 |  3867.15 |     4096 |    0 | 1.4660e+12 |
|      32768 |      512 |        1 |  5357.49 |     2048 |    0 | 1.1728e+13 |
|      65536 |      512 |        1 |  6753.10 |     1024 |    0 | 9.3825e+13 |
|     131072 |      512 |        1 |  7777.49 |      512 |    0 | 7.5060e+14 |
|     262144 |      512 |        1 |  5755.51 |      256 |    0 | 6.0048e+15 |
|     524288 |      512 |        1 |  5752.36 |      128 |    0 | 4.8038e+16 |
|    1048576 |      512 |        1 |  5683.63 |       64 |    0 | 3.8431e+17 |
|    2097152 |      512 |        1 |  5432.17 |       32 |    0 | 3.0745e+18 |
|    4194304 |      512 |        1 |  4781.82 |       16 |    0 | 2.4596e+19 |
|    8388608 |      512 |        1 |  3869.94 |        8 |    0 | 1.9677e+20 |
|   16777216 |      512 |        1 |  3859.97 |        8 |    0 | 1.5741e+21 |
|   33554432 |      512 |        1 |  3855.85 |        8 |    0 | 1.2593e+22 |
|   67108864 |      512 |        1 |  3883.00 |        8 |    0 | 1.0074e+23 |
@
|         64 |     1024 |        1 |    31.60 |    65536 |    0 | 8.7360e+04 |
|        128 |     1024 |        1 |    61.87 |    65536 |    0 | 6.9901e+05 |
|        256 |     1024 |        1 |   117.99 |    65536 |    0 | 5.5923e+06 |
|        512 |     1024 |        1 |   219.02 |    65536 |    0 | 4.4739e+07 |
|       1024 |     1024 |        1 |   409.60 |    65536 |    0 | 3.5791e+08 |
|       2048 |     1024 |        1 |   793.88 |    32768 |    0 | 2.8633e+09 |
|       4096 |     1024 |        1 |  1526.22 |    16384 |    0 | 2.2906e+10 |
|       8192 |     1024 |        1 |  2679.79 |     8192 |    0 | 1.8325e+11 |
|      16384 |     1024 |        1 |  4434.19 |     4096 |    0 | 1.4660e+12 |
|      32768 |     1024 |        1 |  6620.80 |     2048 |    0 | 1.1728e+13 |
|      65536 |     1024 |        1 |  8874.81 |     1024 |    0 | 9.3825e+13 |
|     131072 |     1024 |        1 | 10640.70 |      512 |    0 | 7.5060e+14 |
|     262144 |     1024 |        1 |  8247.36 |      256 |    0 | 6.0048e+15 |
|     524288 |     1024 |        1 |  8584.95 |      128 |    0 | 4.8038e+16 |
|    1048576 |     1024 |        1 |  8435.43 |       64 |    0 | 3.8431e+17 |
|    2097152 |     1024 |        1 |  7591.17 |       32 |    0 | 3.0745e+18 |
|    4194304 |     1024 |        1 |  6616.17 |       16 |    0 | 2.4596e+19 |
|    8388608 |     1024 |        1 |  4897.72 |        8 |    0 | 1.9677e+20 |
|   16777216 |     1024 |        1 |  4875.11 |        8 |    0 | 1.5741e+21 |
|   33554432 |     1024 |        1 |  5414.06 |        8 |    0 | 1.2593e+22 |
|   67108864 |     1024 |        1 |  4928.01 |        8 |    0 | 1.0074e+23 |
@
|         64 |     2048 |        1 |    30.58 |    65536 |    0 | 8.7360e+04 |
|        128 |     2048 |        1 |    60.07 |    65536 |    0 | 6.9901e+05 |
|        256 |     2048 |        1 |   116.01 |    65536 |    0 | 5.5923e+06 |
|        512 |     2048 |        1 |   216.75 |    65536 |    0 | 4.4739e+07 |
|       1024 |     2048 |        1 |   404.74 |    65536 |    0 | 3.5791e+08 |
|       2048 |     2048 |        1 |   425.30 |    32768 |    0 | 2.8633e+09 |
|       4096 |     2048 |        1 |   825.50 |    16384 |    0 | 2.2906e+10 |
|       8192 |     2048 |        1 |  1567.08 |     8192 |    0 | 1.8325e+11 |
|      16384 |     2048 |        1 |  2782.63 |     4096 |    0 | 1.4660e+12 |
|      32768 |     2048 |        1 |  4541.42 |     2048 |    0 | 1.1728e+13 |
|      65536 |     2048 |        1 |  6757.33 |     1024 |    0 | 9.3825e+13 |
|     131072 |     2048 |        1 |  9018.49 |      512 |    0 | 7.5060e+14 |
|     262144 |     2048 |        1 | 10278.91 |      256 |    0 | 6.0048e+15 |
|     524288 |     2048 |        1 |  8098.42 |      128 |    0 | 4.8038e+16 |
|    1048576 |     2048 |        1 |  8283.09 |       64 |    0 | 3.8431e+17 |
|    2097152 |     2048 |        1 |  7974.15 |       32 |    0 | 3.0745e+18 |
|    4194304 |     2048 |        1 |  6371.64 |       16 |    0 | 2.4596e+19 |
|    8388608 |     2048 |        1 |  4921.41 |        8 |    0 | 1.9677e+20 |
|   16777216 |     2048 |        1 |  4954.46 |        8 |    0 | 1.5741e+21 |
|   33554432 |     2048 |        1 |  5499.03 |        8 |    0 | 1.2593e+22 |
|   67108864 |     2048 |        1 |  4985.03 |        8 |    0 | 1.0074e+23 |
@
|         64 |     4096 |        1 |    30.21 |    65536 |    0 | 8.7360e+04 |
|        128 |     4096 |        1 |    60.12 |    65536 |    0 | 6.9901e+05 |
|        256 |     4096 |        1 |   115.54 |    65536 |    0 | 5.5923e+06 |
|        512 |     4096 |        1 |   214.38 |    65536 |    0 | 4.4739e+07 |
|       1024 |     4096 |        1 |   361.62 |    65536 |    0 | 3.5791e+08 |
|       2048 |     4096 |        1 |   420.44 |    32768 |    0 | 2.8633e+09 |
|       4096 |     4096 |        1 |   434.40 |    16384 |    0 | 2.2906e+10 |
|       8192 |     4096 |        1 |   838.41 |     8192 |    0 | 1.8325e+11 |
|      16384 |     4096 |        1 |  1595.10 |     4096 |    0 | 1.4660e+12 |
|      32768 |     4096 |        1 |  2803.13 |     2048 |    0 | 1.1728e+13 |
|      65536 |     4096 |        1 |  4598.51 |     1024 |    0 | 9.3825e+13 |
|     131072 |     4096 |        1 |  6742.33 |      512 |    0 | 7.5060e+14 |
|     262144 |     4096 |        1 |  8963.88 |      256 |    0 | 6.0048e+15 |
|     524288 |     4096 |        1 | 10128.83 |      128 |    0 | 4.8038e+16 |
|    1048576 |     4096 |        1 |  7911.68 |       64 |    0 | 3.8431e+17 |
|    2097152 |     4096 |        1 |  7872.33 |       32 |    0 | 3.0745e+18 |
|    4194304 |     4096 |        1 |  6426.36 |       16 |    0 | 2.4596e+19 |
|    8388608 |     4096 |        1 |  5034.78 |        8 |    0 | 1.9677e+20 |
|   16777216 |     4096 |        1 |  5094.14 |        8 |    0 | 1.5741e+21 |
|   33554432 |     4096 |        1 |  5082.45 |        8 |    0 | 1.2593e+22 |
|   67108864 |     4096 |        1 |  5107.60 |        8 |    0 | 1.0074e+23 |

