|         64 |     1024 |       20 |    28.90 |    65536 |    0 | 8.7360e+04 |
|        128 |     1024 |       20 |    56.33 |    65536 |    0 | 6.9901e+05 |
|        256 |     1024 |       20 |   109.75 |    65536 |    0 | 5.5923e+06 |
|        512 |     1024 |       20 |   207.75 |    65536 |    0 | 4.4739e+07 |
|       1024 |     1024 |       20 |   386.90 |    65536 |    0 | 3.5791e+08 |
|       2048 |     1024 |       20 |   741.04 |    32768 |    0 | 2.8633e+09 |
|       4096 |     1024 |       20 |  1431.62 |    16384 |    0 | 2.2906e+10 |
|       8192 |     1024 |       20 |  2560.84 |     8192 |    0 | 1.8325e+11 |
|      16384 |     1024 |       20 |  4208.29 |     4096 |    0 | 1.4660e+12 |
|      32768 |     1024 |       20 |  6391.41 |     2048 |    0 | 1.1728e+13 |
|      65536 |     1024 |       20 |  8662.61 |     1024 |    0 | 9.3825e+13 |
|     131072 |     1024 |       20 | 10487.72 |      512 |    0 | 7.5060e+14 |
|     262144 |     1024 |       20 |  8225.92 |      256 |    0 | 6.0048e+15 |
|     524288 |     1024 |       20 |  8560.14 |      128 |    0 | 4.8038e+16 |
|    1048576 |     1024 |       20 |  8443.64 |       64 |    0 | 3.8431e+17 |
|    2097152 |     1024 |       20 |  7987.86 |       32 |    0 | 3.0745e+18 |
|    4194304 |     1024 |       20 |  6379.94 |       16 |    0 | 2.4596e+19 |
|    8388608 |     1024 |       20 |  4910.63 |        8 |    0 | 1.9677e+20 |
|   16777216 |     1024 |       20 |  4974.40 |        8 |    0 | 1.5741e+21 |
|   33554432 |     1024 |       20 |  5555.08 |        8 |    0 | 1.2593e+22 |
|   67108864 |     1024 |       20 |  4983.11 |        8 |    0 | 1.0074e+23 |
@
|         64 |     1024 |       40 |    30.39 |    65536 |    0 | 8.7360e+04 |
|        128 |     1024 |       40 |    57.89 |    65536 |    0 | 6.9901e+05 |
|        256 |     1024 |       40 |   106.02 |    65536 |    0 | 5.5923e+06 |
|        512 |     1024 |       40 |   178.31 |    65536 |    0 | 4.4739e+07 |
|       1024 |     1024 |       40 |   175.62 |    65536 |    0 | 3.5791e+08 |
|       2048 |     1024 |       40 |   343.88 |    32768 |    0 | 2.8633e+09 |
|       4096 |     1024 |       40 |   724.14 |    16384 |    0 | 2.2906e+10 |
|       8192 |     1024 |       40 |  1436.63 |     8192 |    0 | 1.8325e+11 |
|      16384 |     1024 |       40 |  2824.82 |     4096 |    0 | 1.4660e+12 |
|      32768 |     1024 |       40 |  5610.48 |     2048 |    0 | 1.1728e+13 |
|      65536 |     1024 |       40 |  9924.76 |     1024 |    0 | 9.3825e+13 |
|     131072 |     1024 |       40 | 16466.02 |      512 |    0 | 7.5060e+14 |
|     262144 |     1024 |       40 | 19949.80 |      256 |    0 | 6.0048e+15 |
|     524288 |     1024 |       40 | 22660.77 |      128 |    0 | 4.8038e+16 |
|    1048576 |     1024 |       40 | 21459.93 |       64 |    0 | 3.8431e+17 |
|    2097152 |     1024 |       40 | 19027.40 |       32 |    0 | 3.0745e+18 |
|    4194304 |     1024 |       40 | 13243.33 |       16 |    0 | 2.4596e+19 |
|    8388608 |     1024 |       40 |  7990.71 |        8 |    0 | 1.9677e+20 |
|   16777216 |     1024 |       40 |  7970.68 |        8 |    0 | 1.5741e+21 |
|   33554432 |     1024 |       40 |  9543.39 |        8 |    0 | 1.2593e+22 |
|   67108864 |     1024 |       40 |  8197.19 |        8 |    0 | 1.0074e+23 |
@
|         64 |     1024 |       60 |    30.33 |    65536 |    0 | 8.7360e+04 |
|        128 |     1024 |       60 |    57.74 |    65536 |    0 | 6.9901e+05 |
|        256 |     1024 |       60 |   104.66 |    65536 |    0 | 5.5923e+06 |
|        512 |     1024 |       60 |   178.59 |    65536 |    0 | 4.4739e+07 |
|       1024 |     1024 |       60 |   180.92 |    65536 |    0 | 3.5791e+08 |
|       2048 |     1024 |       60 |   346.20 |    32768 |    0 | 2.8633e+09 |
|       4096 |     1024 |       60 |   726.68 |    16384 |    0 | 2.2906e+10 |
|       8192 |     1024 |       60 |  1438.39 |     8192 |    0 | 1.8325e+11 |
|      16384 |     1024 |       60 |  2818.92 |     4096 |    0 | 1.4660e+12 |
|      32768 |     1024 |       60 |  5634.41 |     2048 |    0 | 1.1728e+13 |
|      65536 |     1024 |       60 | 10233.28 |     1024 |    0 | 9.3825e+13 |
|     131072 |     1024 |       60 | 16683.99 |      512 |    0 | 7.5060e+14 |
|     262144 |     1024 |       60 | 20216.15 |      256 |    0 | 6.0048e+15 |
|     524288 |     1024 |       60 | 22604.71 |      128 |    0 | 4.8038e+16 |
|    1048576 |     1024 |       60 | 21300.07 |       64 |    0 | 3.8431e+17 |
|    2097152 |     1024 |       60 | 18853.82 |       32 |    0 | 3.0745e+18 |
|    4194304 |     1024 |       60 | 14557.13 |       16 |    0 | 2.4596e+19 |
|    8388608 |     1024 |       60 |  9142.04 |        8 |    0 | 1.9677e+20 |
|   16777216 |     1024 |       60 |  7902.74 |        8 |    0 | 1.5741e+21 |
|   33554432 |     1024 |       60 |  9528.08 |        8 |    0 | 1.2593e+22 |
|   67108864 |     1024 |       60 |  8085.91 |        8 |    0 | 1.0074e+23 |
@
|         64 |     1024 |       80 |    28.85 |    65536 |    0 | 8.7360e+04 |
|        128 |     1024 |       80 |    52.35 |    65536 |    0 | 6.9901e+05 |
|        256 |     1024 |       80 |    88.72 |    65536 |    0 | 5.5923e+06 |
|        512 |     1024 |       80 |   127.37 |    65536 |    0 | 4.4739e+07 |
|       1024 |     1024 |       80 |   127.03 |    65536 |    0 | 3.5791e+08 |
|       2048 |     1024 |       80 |   254.63 |    32768 |    0 | 2.8633e+09 |
|       4096 |     1024 |       80 |   509.48 |    16384 |    0 | 2.2906e+10 |
|       8192 |     1024 |       80 |  1008.13 |     8192 |    0 | 1.8325e+11 |
|      16384 |     1024 |       80 |  1993.78 |     4096 |    0 | 1.4660e+12 |
|      32768 |     1024 |       80 |  3961.20 |     2048 |    0 | 1.1728e+13 |
|      65536 |     1024 |       80 |  7587.00 |     1024 |    0 | 9.3825e+13 |
|     131072 |     1024 |       80 | 12910.01 |      512 |    0 | 7.5060e+14 |
|     262144 |     1024 |       80 | 17539.60 |      256 |    0 | 6.0048e+15 |
|     524288 |     1024 |       80 | 21017.38 |      128 |    0 | 4.8038e+16 |
|    1048576 |     1024 |       80 | 22374.63 |       64 |    0 | 3.8431e+17 |
|    2097152 |     1024 |       80 | 18061.53 |       32 |    0 | 3.0745e+18 |
|    4194304 |     1024 |       80 | 12561.99 |       16 |    0 | 2.4596e+19 |
|    8388608 |     1024 |       80 |  7920.26 |        8 |    0 | 1.9677e+20 |
|   16777216 |     1024 |       80 |  8175.67 |        8 |    0 | 1.5741e+21 |
|   33554432 |     1024 |       80 |  9862.75 |        8 |    0 | 1.2593e+22 |
|   67108864 |     1024 |       80 |  8333.51 |        8 |    0 | 1.0074e+23 |
@
|         64 |     1024 |      100 |    28.27 |    65536 |    0 | 8.7360e+04 |
|        128 |     1024 |      100 |    47.89 |    65536 |    0 | 6.9901e+05 |
|        256 |     1024 |      100 |    73.36 |    65536 |    0 | 5.5923e+06 |
|        512 |     1024 |      100 |    69.84 |    65536 |    0 | 4.4739e+07 |
|       1024 |     1024 |      100 |    82.61 |    65536 |    0 | 3.5791e+08 |
|       2048 |     1024 |      100 |   166.85 |    32768 |    0 | 2.8633e+09 |
|       4096 |     1024 |      100 |   333.65 |    16384 |    0 | 2.2906e+10 |
|       8192 |     1024 |      100 |   665.06 |     8192 |    0 | 1.8325e+11 |
|      16384 |     1024 |      100 |  1291.67 |     4096 |    0 | 1.4660e+12 |
|      32768 |     1024 |      100 |  2604.43 |     2048 |    0 | 1.1728e+13 |
|      65536 |     1024 |      100 |  5033.00 |     1024 |    0 | 9.3825e+13 |
|     131072 |     1024 |      100 |  9358.92 |      512 |    0 | 7.5060e+14 |
|     262144 |     1024 |      100 | 14723.90 |      256 |    0 | 6.0048e+15 |
|     524288 |     1024 |      100 | 19020.63 |      128 |    0 | 4.8038e+16 |
|    1048576 |     1024 |      100 | 20211.07 |       64 |    0 | 3.8431e+17 |
|    2097152 |     1024 |      100 | 17321.86 |       32 |    0 | 3.0745e+18 |
|    4194304 |     1024 |      100 | 13498.12 |       16 |    0 | 2.4596e+19 |
|    8388608 |     1024 |      100 |  8183.32 |        8 |    0 | 1.9677e+20 |
|   16777216 |     1024 |      100 |  8189.28 |        8 |    0 | 1.5741e+21 |
|   33554432 |     1024 |      100 | 11032.57 |        8 |    0 | 1.2593e+22 |
|   67108864 |     1024 |      100 |  8444.64 |        8 |    0 | 1.0074e+23 |
@
|         64 |     1024 |      120 |    28.44 |    65536 |    0 | 8.7360e+04 |
|        128 |     1024 |      120 |    47.99 |    65536 |    0 | 6.9901e+05 |
|        256 |     1024 |      120 |    73.40 |    65536 |    0 | 5.5923e+06 |
|        512 |     1024 |      120 |    71.84 |    65536 |    0 | 4.4739e+07 |
|       1024 |     1024 |      120 |    81.81 |    65536 |    0 | 3.5791e+08 |
|       2048 |     1024 |      120 |   166.72 |    32768 |    0 | 2.8633e+09 |
|       4096 |     1024 |      120 |   329.28 |    16384 |    0 | 2.2906e+10 |
|       8192 |     1024 |      120 |   666.15 |     8192 |    0 | 1.8325e+11 |
|      16384 |     1024 |      120 |  1327.24 |     4096 |    0 | 1.4660e+12 |
|      32768 |     1024 |      120 |  2599.74 |     2048 |    0 | 1.1728e+13 |
|      65536 |     1024 |      120 |  5000.95 |     1024 |    0 | 9.3825e+13 |
|     131072 |     1024 |      120 |  9409.25 |      512 |    0 | 7.5060e+14 |
|     262144 |     1024 |      120 | 14656.49 |      256 |    0 | 6.0048e+15 |
|     524288 |     1024 |      120 | 19029.95 |      128 |    0 | 4.8038e+16 |
|    1048576 |     1024 |      120 | 20447.24 |       64 |    0 | 3.8431e+17 |
|    2097152 |     1024 |      120 | 19415.30 |       32 |    0 | 3.0745e+18 |
|    4194304 |     1024 |      120 | 13628.61 |       16 |    0 | 2.4596e+19 |
|    8388608 |     1024 |      120 |  8108.33 |        8 |    0 | 1.9677e+20 |
|   16777216 |     1024 |      120 |  8066.13 |        8 |    0 | 1.5741e+21 |
|   33554432 |     1024 |      120 |  9742.45 |        8 |    0 | 1.2593e+22 |
|   67108864 |     1024 |      120 |  8273.04 |        8 |    0 | 1.0074e+23 |
@
|         64 |     1024 |      140 |    26.46 |    65536 |    0 | 8.7360e+04 |
|        128 |     1024 |      140 |    42.67 |    65536 |    0 | 6.9901e+05 |
|        256 |     1024 |      140 |    60.96 |    65536 |    0 | 5.5923e+06 |
|        512 |     1024 |      140 |    57.33 |    65536 |    0 | 4.4739e+07 |
|       1024 |     1024 |      140 |    59.78 |    65536 |    0 | 3.5791e+08 |
|       2048 |     1024 |      140 |   121.31 |    32768 |    0 | 2.8633e+09 |
|       4096 |     1024 |      140 |   243.64 |    16384 |    0 | 2.2906e+10 |
|       8192 |     1024 |      140 |   484.40 |     8192 |    0 | 1.8325e+11 |
|      16384 |     1024 |      140 |   983.05 |     4096 |    0 | 1.4660e+12 |
|      32768 |     1024 |      140 |  1931.19 |     2048 |    0 | 1.1728e+13 |
|      65536 |     1024 |      140 |  3768.79 |     1024 |    0 | 9.3825e+13 |
|     131072 |     1024 |      140 |  7200.86 |      512 |    0 | 7.5060e+14 |
|     262144 |     1024 |      140 | 12383.51 |      256 |    0 | 6.0048e+15 |
|     524288 |     1024 |      140 | 16688.33 |      128 |    0 | 4.8038e+16 |
|    1048576 |     1024 |      140 | 19329.02 |       64 |    0 | 3.8431e+17 |
|    2097152 |     1024 |      140 | 18771.80 |       32 |    0 | 3.0745e+18 |
|    4194304 |     1024 |      140 | 13291.13 |       16 |    0 | 2.4596e+19 |
|    8388608 |     1024 |      140 |  7993.37 |        8 |    0 | 1.9677e+20 |
|   16777216 |     1024 |      140 |  8017.66 |        8 |    0 | 1.5741e+21 |
|   33554432 |     1024 |      140 |  8214.50 |        8 |    0 | 1.2593e+22 |
|   67108864 |     1024 |      140 |  8210.38 |        8 |    0 | 1.0074e+23 |
@
|         64 |     1024 |      160 |    25.44 |    65536 |    0 | 8.7360e+04 |
|        128 |     1024 |      160 |    37.86 |    65536 |    0 | 6.9901e+05 |
|        256 |     1024 |      160 |    50.86 |    65536 |    0 | 5.5923e+06 |
|        512 |     1024 |      160 |    48.60 |    65536 |    0 | 4.4739e+07 |
|       1024 |     1024 |      160 |    50.46 |    65536 |    0 | 3.5791e+08 |
|       2048 |     1024 |      160 |    99.77 |    32768 |    0 | 2.8633e+09 |
|       4096 |     1024 |      160 |   205.19 |    16384 |    0 | 2.2906e+10 |
|       8192 |     1024 |      160 |   403.49 |     8192 |    0 | 1.8325e+11 |
|      16384 |     1024 |      160 |   787.65 |     4096 |    0 | 1.4660e+12 |
|      32768 |     1024 |      160 |  1573.23 |     2048 |    0 | 1.1728e+13 |
|      65536 |     1024 |      160 |  3147.13 |     1024 |    0 | 9.3825e+13 |
|     131072 |     1024 |      160 |  5909.28 |      512 |    0 | 7.5060e+14 |
|     262144 |     1024 |      160 |  9970.34 |      256 |    0 | 6.0048e+15 |
|     524288 |     1024 |      160 | 14368.41 |      128 |    0 | 4.8038e+16 |
|    1048576 |     1024 |      160 | 17265.14 |       64 |    0 | 3.8431e+17 |
|    2097152 |     1024 |      160 | 18045.91 |       32 |    0 | 3.0745e+18 |
|    4194304 |     1024 |      160 | 13240.44 |       16 |    0 | 2.4596e+19 |
|    8388608 |     1024 |      160 |  8122.97 |        8 |    0 | 1.9677e+20 |
|   16777216 |     1024 |      160 |  7962.52 |        8 |    0 | 1.5741e+21 |
|   33554432 |     1024 |      160 |  8282.83 |        8 |    0 | 1.2593e+22 |
|   67108864 |     1024 |      160 |  8402.74 |        8 |    0 | 1.0074e+23 |
@
|         64 |     1024 |      180 |    21.11 |    65536 |    0 | 8.7360e+04 |
|        128 |     1024 |      180 |    31.23 |    65536 |    0 | 6.9901e+05 |
|        256 |     1024 |      180 |    41.87 |    65536 |    0 | 5.5923e+06 |
|        512 |     1024 |      180 |    39.78 |    65536 |    0 | 4.4739e+07 |
|       1024 |     1024 |      180 |    40.15 |    65536 |    0 | 3.5791e+08 |
|       2048 |     1024 |      180 |    84.24 |    32768 |    0 | 2.8633e+09 |
|       4096 |     1024 |      180 |   166.68 |    16384 |    0 | 2.2906e+10 |
|       8192 |     1024 |      180 |   319.93 |     8192 |    0 | 1.8325e+11 |
|      16384 |     1024 |      180 |   659.25 |     4096 |    0 | 1.4660e+12 |
|      32768 |     1024 |      180 |  1310.17 |     2048 |    0 | 1.1728e+13 |
|      65536 |     1024 |      180 |  2569.18 |     1024 |    0 | 9.3825e+13 |
|     131072 |     1024 |      180 |  4835.58 |      512 |    0 | 7.5060e+14 |
|     262144 |     1024 |      180 |  8267.73 |      256 |    0 | 6.0048e+15 |
|     524288 |     1024 |      180 | 12019.58 |      128 |    0 | 4.8038e+16 |
|    1048576 |     1024 |      180 | 15284.99 |       64 |    0 | 3.8431e+17 |
|    2097152 |     1024 |      180 | 15847.91 |       32 |    0 | 3.0745e+18 |
|    4194304 |     1024 |      180 | 11362.43 |       16 |    0 | 2.4596e+19 |
|    8388608 |     1024 |      180 |  7718.83 |        8 |    0 | 1.9677e+20 |
|   16777216 |     1024 |      180 |  7974.94 |        8 |    0 | 1.5741e+21 |
|   33554432 |     1024 |      180 |  9689.32 |        8 |    0 | 1.2593e+22 |
|   67108864 |     1024 |      180 |  8255.72 |        8 |    0 | 1.0074e+23 |
@
|         64 |     1024 |      200 |    20.02 |    65536 |    0 | 8.7360e+04 |
|        128 |     1024 |      200 |    28.14 |    65536 |    0 | 6.9901e+05 |
|        256 |     1024 |      200 |    26.84 |    65536 |    0 | 5.5923e+06 |
|        512 |     1024 |      200 |    32.89 |    65536 |    0 | 4.4739e+07 |
|       1024 |     1024 |      200 |    35.77 |    65536 |    0 | 3.5791e+08 |
|       2048 |     1024 |      200 |    53.10 |    32768 |    0 | 2.8633e+09 |
|       4096 |     1024 |      200 |    72.89 |    16384 |    0 | 2.2906e+10 |
|       8192 |     1024 |      200 |   239.43 |     8192 |    0 | 1.8325e+11 |
|      16384 |     1024 |      200 |   566.68 |     4096 |    0 | 1.4660e+12 |
|      32768 |     1024 |      200 |  1140.20 |     2048 |    0 | 1.1728e+13 |
|      65536 |     1024 |      200 |  2206.57 |     1024 |    0 | 9.3825e+13 |
|     131072 |     1024 |      200 |  4265.22 |      512 |    0 | 7.5060e+14 |
|     262144 |     1024 |      200 |  7694.45 |      256 |    0 | 6.0048e+15 |
|     524288 |     1024 |      200 | 11698.13 |      128 |    0 | 4.8038e+16 |
|    1048576 |     1024 |      200 | 14783.08 |       64 |    0 | 3.8431e+17 |
|    2097152 |     1024 |      200 | 14460.35 |       32 |    0 | 3.0745e+18 |
|    4194304 |     1024 |      200 |  9336.26 |       16 |    0 | 2.4596e+19 |
|    8388608 |     1024 |      200 |  7439.24 |        8 |    0 | 1.9677e+20 |
|   16777216 |     1024 |      200 |  7623.69 |        8 |    0 | 1.5741e+21 |
|   33554432 |     1024 |      200 |  9324.99 |        8 |    0 | 1.2593e+22 |
|   67108864 |     1024 |      200 |  6210.75 |        8 |    0 | 1.0074e+23 |
@
|         64 |     1024 |      220 |    23.94 |    65536 |    0 | 8.7360e+04 |
|        128 |     1024 |      220 |    34.30 |    65536 |    0 | 6.9901e+05 |
|        256 |     1024 |      220 |    34.78 |    65536 |    0 | 5.5923e+06 |
|        512 |     1024 |      220 |    38.95 |    65536 |    0 | 4.4739e+07 |
|       1024 |     1024 |      220 |    44.29 |    65536 |    0 | 3.5791e+08 |
|       2048 |     1024 |      220 |    87.85 |    32768 |    0 | 2.8633e+09 |
|       4096 |     1024 |      220 |   172.06 |    16384 |    0 | 2.2906e+10 |
|       8192 |     1024 |      220 |   348.77 |     8192 |    0 | 1.8325e+11 |
|      16384 |     1024 |      220 |   690.50 |     4096 |    0 | 1.4660e+12 |
|      32768 |     1024 |      220 |  1426.30 |     2048 |    0 | 1.1728e+13 |
|      65536 |     1024 |      220 |  2652.47 |     1024 |    0 | 9.3825e+13 |
|     131072 |     1024 |      220 |  5219.40 |      512 |    0 | 7.5060e+14 |
|     262144 |     1024 |      220 |  9406.52 |      256 |    0 | 6.0048e+15 |
|     524288 |     1024 |      220 | 14119.74 |      128 |    0 | 4.8038e+16 |
|    1048576 |     1024 |      220 | 17708.61 |       64 |    0 | 3.8431e+17 |
|    2097152 |     1024 |      220 | 16051.14 |       32 |    0 | 3.0745e+18 |
|    4194304 |     1024 |      220 | 13089.66 |       16 |    0 | 2.4596e+19 |
|    8388608 |     1024 |      220 |  8241.05 |        8 |    0 | 1.9677e+20 |
|   16777216 |     1024 |      220 |  8307.61 |        8 |    0 | 1.5741e+21 |
|   33554432 |     1024 |      220 |  8556.07 |        8 |    0 | 1.2593e+22 |
|   67108864 |     1024 |      220 |  8573.03 |        8 |    0 | 1.0074e+23 |

