|           32 |            1 |      3749.06 |      2097152 |
|           64 |            1 |      4577.20 |      1048576 |
|          128 |            1 |      5528.63 |       524288 |
|          256 |            1 |      5853.32 |       262144 |
|          512 |            1 |      6691.21 |       131072 |
|         1024 |            1 |      6841.78 |        65536 |
|         2048 |            1 |      5281.14 |        32768 |
|         4096 |            1 |      3412.33 |        16384 |
|         8192 |            1 |      3585.26 |         8192 |
|        16384 |            1 |      3642.83 |         4096 |
|        32768 |            1 |      3677.45 |         2048 |
|        65536 |            1 |      3697.60 |         1024 |
|       131072 |            1 |      3659.05 |          512 |
|       262144 |            1 |      2936.76 |          256 |
|       524288 |            1 |      3086.73 |          128 |
|      1048576 |            1 |      3097.67 |           64 |
|      2097152 |            1 |      3076.93 |           32 |
|      4194304 |            1 |      2830.76 |           16 |
|      8388608 |            1 |      2838.61 |            8 |
|     16777216 |            1 |      2831.89 |            4 |
|     33554432 |            1 |      2833.83 |            2 |
|     67108864 |            1 |      2822.84 |            1 |
@
|           32 |            2 |      1925.99 |      2097152 |
|           64 |            2 |      6971.77 |      1048576 |
|          128 |            2 |      8098.91 |       524288 |
|          256 |            2 |     10352.48 |       262144 |
|          512 |            2 |     11178.02 |       131072 |
|         1024 |            2 |     11693.88 |        65536 |
|         2048 |            2 |     12170.28 |        32768 |
|         4096 |            2 |     10144.81 |        16384 |
|         8192 |            2 |      6290.24 |         8192 |
|        16384 |            2 |      6824.36 |         4096 |
|        32768 |            2 |      7116.43 |         2048 |
|        65536 |            2 |      7248.55 |         1024 |
|       131072 |            2 |      7317.28 |          512 |
|       262144 |            2 |      7120.66 |          256 |
|       524288 |            2 |      5727.85 |          128 |
|      1048576 |            2 |      5841.46 |           64 |
|      2097152 |            2 |      5840.48 |           32 |
|      4194304 |            2 |      5827.80 |           16 |
|      8388608 |            2 |      5389.47 |            8 |
|     16777216 |            2 |      5392.39 |            4 |
|     33554432 |            2 |      5656.67 |            2 |
|     67108864 |            2 |      5637.68 |            1 |
@
|           32 |            4 |      3227.44 |      2097152 |
|           64 |            4 |      1232.26 |      1048576 |
|          128 |            4 |      4951.82 |       524288 |
|          256 |            4 |     16194.27 |       262144 |
|          512 |            4 |     18779.99 |       131072 |
|         1024 |            4 |     23507.03 |        65536 |
|         2048 |            4 |     21725.53 |        32768 |
|         4096 |            4 |     21279.84 |        16384 |
|         8192 |            4 |     20172.97 |         8192 |
|        16384 |            4 |     12535.88 |         4096 |
|        32768 |            4 |     13663.99 |         2048 |
|        65536 |            4 |     14176.52 |         1024 |
|       131072 |            4 |     14438.15 |          512 |
|       262144 |            4 |     14601.32 |          256 |
|       524288 |            4 |     12376.91 |          128 |
|      1048576 |            4 |     10336.00 |           64 |
|      2097152 |            4 |     11245.43 |           32 |
|      4194304 |            4 |     11250.37 |           16 |
|      8388608 |            4 |     11188.74 |            8 |
|     16777216 |            4 |     10396.99 |            4 |
|     33554432 |            4 |     11217.01 |            2 |
|     67108864 |            4 |     11184.52 |            1 |
@
|           32 |            8 |       745.90 |      2097152 |
|           64 |            8 |      9183.88 |      1048576 |
|          128 |            8 |      1850.08 |       524288 |
|          256 |            8 |     24579.05 |       262144 |
|          512 |            8 |     32349.52 |       131072 |
|         1024 |            8 |     38066.34 |        65536 |
|         2048 |            8 |     44486.64 |        32768 |
|         4096 |            8 |     38287.00 |        16384 |
|         8192 |            8 |     39398.43 |         8192 |
|        16384 |            8 |     46048.63 |         4096 |
|        32768 |            8 |     25507.35 |         2048 |
|        65536 |            8 |     27296.00 |         1024 |
|       131072 |            8 |     28320.16 |          512 |
|       262144 |            8 |     28984.27 |          256 |
|       524288 |            8 |     28338.22 |          128 |
|      1048576 |            8 |     19172.78 |           64 |
|      2097152 |            8 |     21234.52 |           32 |
|      4194304 |            8 |     21118.61 |           16 |
|      8388608 |            8 |     21038.01 |            8 |
|     16777216 |            8 |     21047.57 |            4 |
|     33554432 |            8 |     21539.31 |            2 |
|     67108864 |            8 |     21540.90 |            1 |
@
|           32 |           16 |       181.57 |      2097152 |
|           64 |           16 |       944.53 |      1048576 |
|          128 |           16 |       923.13 |       524288 |
|          256 |           16 |      3805.92 |       262144 |
|          512 |           16 |     19784.73 |       131072 |
|         1024 |           16 |     64478.24 |        65536 |
|         2048 |           16 |     40005.90 |        32768 |
|         4096 |           16 |     72323.53 |        16384 |
|         8192 |           16 |     78620.69 |         8192 |
|        16384 |           16 |     79868.49 |         4096 |
|        32768 |           16 |     83529.93 |         2048 |
|        65536 |           16 |     48616.02 |         1024 |
|       131072 |           16 |     54331.26 |          512 |
|       262144 |           16 |     56547.69 |          256 |
|       524288 |           16 |     51490.09 |          128 |
|      1048576 |           16 |     38517.84 |           64 |
|      2097152 |           16 |     31556.25 |           32 |
|      4194304 |           16 |     30958.94 |           16 |
|      8388608 |           16 |     30543.08 |            8 |
|     16777216 |           16 |     30046.13 |            4 |
|     33554432 |           16 |     36193.48 |            2 |
|     67108864 |           16 |     33177.17 |            1 |
@
|           32 |           32 |        94.17 |      2097152 |
|           64 |           32 |       412.98 |      1048576 |
|          128 |           32 |       460.91 |       524288 |
|          256 |           32 |     39291.50 |       262144 |
|          512 |           32 |      7001.45 |       131072 |
|         1024 |           32 |     40871.10 |        65536 |
|         2048 |           32 |    117141.87 |        32768 |
|         4096 |           32 |    162081.61 |        16384 |
|         8192 |           32 |    136772.68 |         8192 |
|        16384 |           32 |    147809.24 |         4096 |
|        32768 |           32 |    136507.36 |         2048 |
|        65536 |           32 |    134132.26 |         1024 |
|       131072 |           32 |     99261.63 |          512 |
|       262144 |           32 |    106632.09 |          256 |
|       524288 |           32 |     95518.33 |          128 |
|      1048576 |           32 |     55516.25 |           64 |
|      2097152 |           32 |     35449.64 |           32 |
|      4194304 |           32 |     34615.46 |           16 |
|      8388608 |           32 |     34502.28 |            8 |
|     16777216 |           32 |     34573.56 |            4 |
|     33554432 |           32 |     39999.82 |            2 |
|     67108864 |           32 |     39978.27 |            1 |
@
|           32 |           48 |        98.80 |      2097152 |
|           64 |           48 |       400.41 |      1048576 |
|          128 |           48 |       270.09 |       524288 |
|          256 |           48 |      1790.54 |       262144 |
|          512 |           48 |      3861.43 |       131072 |
|         1024 |           48 |      8349.54 |        65536 |
|         2048 |           48 |     15617.16 |        32768 |
|         4096 |           48 |     31289.94 |        16384 |
|         8192 |           48 |     50146.14 |         8192 |
|        16384 |           48 |     95647.02 |         4096 |
|        32768 |           48 |    147464.70 |         2048 |
|        65536 |           48 |    196775.45 |         1024 |
|       131072 |           48 |    131132.54 |          512 |
|       262144 |           48 |    129560.38 |          256 |
|       524288 |           48 |    138396.11 |          128 |
|      1048576 |           48 |     60116.73 |           64 |
|      2097152 |           48 |     35928.31 |           32 |
|      4194304 |           48 |     35312.00 |           16 |
|      8388608 |           48 |     35174.46 |            8 |
|     16777216 |           48 |     35381.42 |            4 |
|     33554432 |           48 |     40409.90 |            2 |
|     67108864 |           48 |     40032.29 |            1 |


