1a) b) c)
N = 67108864 and REP = 67108864. Performance in MFLOPS.
| Dataset size |      Threads |       MFLOPS |       Cycles |
|           32 |            1 |      3749.06 |      2097152 |
|           64 |            1 |      4577.20 |      1048576 |
|          128 |            1 |      5528.63 |       524288 |
|          256 |            1 |      5853.32 |       262144 |
|          512 |            1 |      6691.21 |       131072 |
|         1024 |            1 |      6841.78 |        65536 |
|         2048 |            1 |      5281.14 |        32768 |
|         4096 |            1 |      3412.33 |        16384 |
|         8192 |            1 |      3585.26 |         8192 |
|        16384 |            1 |      3642.83 |         4096 |
|        32768 |            1 |      3677.45 |         2048 |
|        65536 |            1 |      3697.60 |         1024 |
|       131072 |            1 |      3659.05 |          512 |
|       262144 |            1 |      2936.76 |          256 |
|       524288 |            1 |      3086.73 |          128 |
|      1048576 |            1 |      3097.67 |           64 |
|      2097152 |            1 |      3076.93 |           32 |
|      4194304 |            1 |      2830.76 |           16 |
|      8388608 |            1 |      2838.61 |            8 |
|     16777216 |            1 |      2831.89 |            4 |
|     33554432 |            1 |      2833.83 |            2 |
|     67108864 |            1 |      2822.84 |            1 |

1d) 
Thread =2 
N = 67108864 and REP = 67108864. Performance in MFLOPS.
| Dataset size |      Threads |       MFLOPS |       Cycles |
|           32 |            2 |      1925.99 |      2097152 |
|           64 |            2 |      6971.77 |      1048576 |
|          128 |            2 |      8098.91 |       524288 |
|          256 |            2 |     10352.48 |       262144 |
|          512 |            2 |     11178.02 |       131072 |
|         1024 |            2 |     11693.88 |        65536 |
|         2048 |            2 |     12170.28 |        32768 |
|         4096 |            2 |     10144.81 |        16384 |
|         8192 |            2 |      6290.24 |         8192 |
|        16384 |            2 |      6824.36 |         4096 |
|        32768 |            2 |      7116.43 |         2048 |
|        65536 |            2 |      7248.55 |         1024 |
|       131072 |            2 |      7317.28 |          512 |
|       262144 |            2 |      7120.66 |          256 |
|       524288 |            2 |      5727.85 |          128 |
|      1048576 |            2 |      5841.46 |           64 |
|      2097152 |            2 |      5840.48 |           32 |
|      4194304 |            2 |      5827.80 |           16 |
|      8388608 |            2 |      5389.47 |            8 |
|     16777216 |            2 |      5392.39 |            4 |
|     33554432 |            2 |      5656.67 |            2 |
|     67108864 |            2 |      5637.68 |            1 |

Thread =4 
N = 67108864 and REP = 67108864. Performance in MFLOPS.
| Dataset size |      Threads |       MFLOPS |       Cycles |
|           32 |            4 |      3227.44 |      2097152 |
|           64 |            4 |      1232.26 |      1048576 |
|          128 |            4 |      4951.82 |       524288 |
|          256 |            4 |     16194.27 |       262144 |
|          512 |            4 |     18779.99 |       131072 |
|         1024 |            4 |     23507.03 |        65536 |
|         2048 |            4 |     21725.53 |        32768 |
|         4096 |            4 |     21279.84 |        16384 |
|         8192 |            4 |     20172.97 |         8192 |
|        16384 |            4 |     12535.88 |         4096 |
|        32768 |            4 |     13663.99 |         2048 |
|        65536 |            4 |     14176.52 |         1024 |
|       131072 |            4 |     14438.15 |          512 |
|       262144 |            4 |     14601.32 |          256 |
|       524288 |            4 |     12376.91 |          128 |
|      1048576 |            4 |     10336.00 |           64 |
|      2097152 |            4 |     11245.43 |           32 |
|      4194304 |            4 |     11250.37 |           16 |
|      8388608 |            4 |     11188.74 |            8 |
|     16777216 |            4 |     10396.99 |            4 |
|     33554432 |            4 |     11217.01 |            2 |
|     67108864 |            4 |     11184.52 |            1 |

Thread = 8
N = 67108864 and REP = 67108864. Performance in MFLOPS.
| Dataset size |      Threads |       MFLOPS |       Cycles |
|           32 |            8 |       745.90 |      2097152 |
|           64 |            8 |      9183.88 |      1048576 |
|          128 |            8 |      1850.08 |       524288 |
|          256 |            8 |     24579.05 |       262144 |
|          512 |            8 |     32349.52 |       131072 |
|         1024 |            8 |     38066.34 |        65536 |
|         2048 |            8 |     44486.64 |        32768 |
|         4096 |            8 |     38287.00 |        16384 |
|         8192 |            8 |     39398.43 |         8192 |
|        16384 |            8 |     46048.63 |         4096 |
|        32768 |            8 |     25507.35 |         2048 |
|        65536 |            8 |     27296.00 |         1024 |
|       131072 |            8 |     28320.16 |          512 |
|       262144 |            8 |     28984.27 |          256 |
|       524288 |            8 |     28338.22 |          128 |
|      1048576 |            8 |     19172.78 |           64 |
|      2097152 |            8 |     21234.52 |           32 |
|      4194304 |            8 |     21118.61 |           16 |
|      8388608 |            8 |     21038.01 |            8 |
|     16777216 |            8 |     21047.57 |            4 |
|     33554432 |            8 |     21539.31 |            2 |
|     67108864 |            8 |     21540.90 |            1 |


Thread = 16 
N = 67108864 and REP = 67108864. Performance in MFLOPS.
| Dataset size |      Threads |       MFLOPS |       Cycles |
|           32 |           16 |       181.57 |      2097152 |
|           64 |           16 |       944.53 |      1048576 |
|          128 |           16 |       923.13 |       524288 |
|          256 |           16 |      3805.92 |       262144 |
|          512 |           16 |     19784.73 |       131072 |
|         1024 |           16 |     64478.24 |        65536 |
|         2048 |           16 |     40005.90 |        32768 |
|         4096 |           16 |     72323.53 |        16384 |
|         8192 |           16 |     78620.69 |         8192 |
|        16384 |           16 |     79868.49 |         4096 |
|        32768 |           16 |     83529.93 |         2048 |
|        65536 |           16 |     48616.02 |         1024 |
|       131072 |           16 |     54331.26 |          512 |
|       262144 |           16 |     56547.69 |          256 |
|       524288 |           16 |     51490.09 |          128 |
|      1048576 |           16 |     38517.84 |           64 |
|      2097152 |           16 |     31556.25 |           32 |
|      4194304 |           16 |     30958.94 |           16 |
|      8388608 |           16 |     30543.08 |            8 |
|     16777216 |           16 |     30046.13 |            4 |
|     33554432 |           16 |     36193.48 |            2 |
|     67108864 |           16 |     33177.17 |            1 |

Thread =32 
N = 67108864 and REP = 67108864. Performance in MFLOPS.
| Dataset size |      Threads |       MFLOPS |       Cycles |
|           32 |           32 |        94.17 |      2097152 |
|           64 |           32 |       412.98 |      1048576 |
|          128 |           32 |       460.91 |       524288 |
|          256 |           32 |     39291.50 |       262144 |
|          512 |           32 |      7001.45 |       131072 |
|         1024 |           32 |     40871.10 |        65536 |
|         2048 |           32 |    117141.87 |        32768 |
|         4096 |           32 |    162081.61 |        16384 |
|         8192 |           32 |    136772.68 |         8192 |
|        16384 |           32 |    147809.24 |         4096 |
|        32768 |           32 |    136507.36 |         2048 |
|        65536 |           32 |    134132.26 |         1024 |
|       131072 |           32 |     99261.63 |          512 |
|       262144 |           32 |    106632.09 |          256 |
|       524288 |           32 |     95518.33 |          128 |
|      1048576 |           32 |     55516.25 |           64 |
|      2097152 |           32 |     35449.64 |           32 |
|      4194304 |           32 |     34615.46 |           16 |
|      8388608 |           32 |     34502.28 |            8 |
|     16777216 |           32 |     34573.56 |            4 |
|     33554432 |           32 |     39999.82 |            2 |
|     67108864 |           32 |     39978.27 |            1 |

Thread=48 
N = 67108864 and REP = 67108864. Performance in MFLOPS.
| Dataset size |      Threads |       MFLOPS |       Cycles |
|           32 |           48 |        98.80 |      2097152 |
|           64 |           48 |       400.41 |      1048576 |
|          128 |           48 |       270.09 |       524288 |
|          256 |           48 |      1790.54 |       262144 |
|          512 |           48 |      3861.43 |       131072 |
|         1024 |           48 |      8349.54 |        65536 |
|         2048 |           48 |     15617.16 |        32768 |
|         4096 |           48 |     31289.94 |        16384 |
|         8192 |           48 |     50146.14 |         8192 |
|        16384 |           48 |     95647.02 |         4096 |
|        32768 |           48 |    147464.70 |         2048 |
|        65536 |           48 |    196775.45 |         1024 |
|       131072 |           48 |    131132.54 |          512 |
|       262144 |           48 |    129560.38 |          256 |
|       524288 |           48 |    138396.11 |          128 |
|      1048576 |           48 |     60116.73 |           64 |
|      2097152 |           48 |     35928.31 |           32 |
|      4194304 |           48 |     35312.00 |           16 |
|      8388608 |           48 |     35174.46 |            8 |
|     16777216 |           48 |     35381.42 |            4 |
|     33554432 |           48 |     40409.90 |            2 |
|     67108864 |           48 |     40032.29 |            1 |


1e) 
N = 67108864  Performance in MFLOPS.
| Dataset size |      Threads |       MFLOPS |       Cycles |
|     67108864 |            1 |      2505.54 |            1 |
|     67108864 |            2 |      2930.88 |            1 |
|     67108864 |            3 |      3652.09 |            1 |
|     67108864 |            4 |      4173.95 |            1 |
|     67108864 |            5 |      4426.81 |            1 |
|     67108864 |            6 |      4694.16 |            1 |
|     67108864 |            7 |     17189.01 |            1 |
|     67108864 |            8 |     20848.86 |            1 |
|     67108864 |            9 |     22258.59 |            1 |
|     67108864 |           10 |     24116.86 |            1 |
|     67108864 |           11 |     26109.64 |            1 |
|     67108864 |           12 |     28046.22 |            1 |
|     67108864 |           13 |     28676.06 |            1 |
|     67108864 |           14 |     30922.57 |            1 |
|     67108864 |           15 |     29321.77 |            1 |
|     67108864 |           16 |     34916.41 |            1 |
|     67108864 |           17 |     34780.41 |            1 |
|     67108864 |           18 |     32641.64 |            1 |
|     67108864 |           19 |     34648.97 |            1 |
|     67108864 |           20 |     35980.78 |            1 |
|     67108864 |           21 |     34063.21 |            1 |
|     67108864 |           22 |     37181.90 |            1 |
|     67108864 |           23 |     36513.55 |            1 |
|     67108864 |           24 |     38084.58 |            1 |
|     67108864 |           25 |     38015.99 |            1 |
|     67108864 |           26 |     37866.58 |            1 |
|     67108864 |           27 |     37510.67 |            1 |
|     67108864 |           28 |     39048.11 |            1 |
|     67108864 |           29 |     38974.43 |            1 |
|     67108864 |           30 |     38192.09 |            1 |
|     67108864 |           31 |     39088.25 |            1 |
|     67108864 |           32 |     40018.08 |            1 |
|     67108864 |           33 |     38958.94 |            1 |
|     67108864 |           34 |     39349.76 |            1 |
|     67108864 |           35 |     39562.04 |            1 |
|     67108864 |           36 |     39815.53 |            1 |
|     67108864 |           37 |     39244.26 |            1 |
|     67108864 |           38 |     39745.85 |            1 |
|     67108864 |           39 |     40037.89 |            1 |
|     67108864 |           40 |     40062.02 |            1 |
|     67108864 |           41 |     40116.73 |            1 |
|     67108864 |           42 |     39213.89 |            1 |
|     67108864 |           43 |     40496.83 |            1 |
|     67108864 |           44 |     40042.67 |            1 |
|     67108864 |           45 |     40276.97 |            1 |
|     67108864 |           46 |     40103.67 |            1 |
|     67108864 |           47 |     40238.22 |            1 |
|     67108864 |           48 |     40125.38 |            1 |


2f)
N = 67108864  Performance in MFLOPS.
| Dataset size |      Threads |       MFLOPS |       Cycles |
|     67108864 |            1 |      2775.08 |            1 |
|     67108864 |            2 |      4661.92 |            1 |
|     67108864 |            3 |      6893.27 |            1 |
|     67108864 |            4 |      5249.52 |            1 |
|     67108864 |            5 |      6796.38 |            1 |
|     67108864 |            6 |     10490.21 |            1 |
|     67108864 |            7 |      4666.87 |            1 |
|     67108864 |            8 |      5349.86 |            1 |
|     67108864 |            9 |      6767.63 |            1 |
|     67108864 |           10 |      5898.40 |            1 |
|     67108864 |           11 |      5973.77 |            1 |
|     67108864 |           12 |      5224.69 |            1 |
|     67108864 |           13 |      5310.06 |            1 |
|     67108864 |           14 |      5364.97 |            1 |
|     67108864 |           15 |      5070.85 |            1 |
|     67108864 |           16 |      5261.47 |            1 |
|     67108864 |           17 |      6071.08 |            1 |
|     67108864 |           18 |      5341.20 |            1 |
|     67108864 |           19 |      5010.86 |            1 |
|     67108864 |           20 |      5212.90 |            1 |
|     67108864 |           21 |      5271.57 |            1 |
|     67108864 |           22 |      5452.30 |            1 |
|     67108864 |           23 |      5501.96 |            1 |
|     67108864 |           24 |      5193.99 |            1 |
|     67108864 |           25 |      5261.40 |            1 |
|     67108864 |           26 |      5420.25 |            1 |
|     67108864 |           27 |      5479.61 |            1 |
|     67108864 |           28 |      5201.50 |            1 |
|     67108864 |           29 |      5275.78 |            1 |
|     67108864 |           30 |      5390.96 |            1 |
|     67108864 |           31 |      5440.99 |            1 |
|     67108864 |           32 |      5188.61 |            1 |
|     67108864 |           33 |      5230.07 |            1 |
|     67108864 |           34 |      5361.67 |            1 |
|     67108864 |           35 |      5396.02 |            1 |
|     67108864 |           36 |      5188.92 |            1 |
|     67108864 |           37 |      5235.13 |            1 |
|     67108864 |           38 |      5344.53 |            1 |
|     67108864 |           39 |      5363.48 |            1 |
|     67108864 |           40 |      5159.02 |            1 |
|     67108864 |           41 |      5201.62 |            1 |
|     67108864 |           42 |      5308.21 |            1 |
|     67108864 |           43 |      5329.26 |            1 |
|     67108864 |           44 |      5159.31 |            1 |
|     67108864 |           45 |      5192.43 |            1 |
|     67108864 |           46 |      5270.07 |            1 |
|     67108864 |           47 |      5288.94 |            1 |
|     67108864 |           48 |      5141.58 |            1 |


2g) 
static,1 
N = 67108864  Performance in MFLOPS.
| Dataset size |      Threads |       MFLOPS |       Cycles |
|     67108864 |            1 |      2488.56 |            1 |
|     67108864 |            2 |       702.09 |            1 |
|     67108864 |            3 |      1060.64 |            1 |
|     67108864 |            4 |      1704.05 |            1 |
|     67108864 |            5 |      1133.65 |            1 |
|     67108864 |            6 |       874.82 |            1 |
|     67108864 |            7 |       806.43 |            1 |
|     67108864 |            8 |       549.83 |            1 |
|     67108864 |            9 |       851.74 |            1 |
|     67108864 |           10 |       534.55 |            1 |
|     67108864 |           11 |       428.47 |            1 |
|     67108864 |           12 |       648.32 |            1 |
|     67108864 |           13 |       918.17 |            1 |
|     67108864 |           14 |       668.28 |            1 |
|     67108864 |           15 |      1000.61 |            1 |
|     67108864 |           16 |       549.05 |            1 |
|     67108864 |           17 |      1010.06 |            1 |
|     67108864 |           18 |       481.82 |            1 |
|     67108864 |           19 |       382.09 |            1 |
|     67108864 |           20 |       750.59 |            1 |
|     67108864 |           21 |       374.43 |            1 |
|     67108864 |           22 |       395.68 |            1 |
|     67108864 |           23 |       343.44 |            1 |
|     67108864 |           24 |       338.89 |            1 |
|     67108864 |           25 |       370.37 |            1 |
|     67108864 |           26 |       488.67 |            1 |
|     67108864 |           27 |       372.67 |            1 |
|     67108864 |           28 |       371.48 |            1 |
|     67108864 |           29 |       869.62 |            1 |
|     67108864 |           30 |       402.17 |            1 |
|     67108864 |           31 |       440.98 |            1 |
|     67108864 |           32 |       446.67 |            1 |
|     67108864 |           33 |       423.65 |            1 |
|     67108864 |           34 |       587.09 |            1 |
|     67108864 |           35 |       491.70 |            1 |
|     67108864 |           36 |       703.53 |            1 |
|     67108864 |           37 |       611.64 |            1 |
|     67108864 |           38 |       513.62 |            1 |
|     67108864 |           39 |       824.93 |            1 |
|     67108864 |           40 |       863.42 |            1 |
|     67108864 |           41 |       620.52 |            1 |
|     67108864 |           42 |       710.07 |            1 |
|     67108864 |           43 |       661.32 |            1 |
|     67108864 |           44 |       975.77 |            1 |
|     67108864 |           45 |      1100.47 |            1 |
|     67108864 |           46 |      1115.87 |            1 |
|     67108864 |           47 |      1048.58 |            1 |
|     67108864 |           48 |      1103.32 |            1 |

dynamic 
N = 67108864 and REP = 4194304. Performance in MFLOPS.
| Dataset size |      Threads |       MFLOPS |       Cycles |
|     67108864 |            1 |        35.34 |            1 |
|     67108864 |            2 |         8.72 |            1 |
|     67108864 |            3 |        12.59 |            1 |
|     67108864 |            4 |        14.24 |            1 |
|     67108864 |            5 |        16.39 |            1 |
|     67108864 |            6 |        18.47 |            1 |
|     67108864 |            7 |        19.38 |            1 |
|     67108864 |            8 |        20.64 |            1 |
|     67108864 |            9 |        21.26 |            1 |
|     67108864 |           10 |        21.73 |            1 |
|     67108864 |           11 |        21.92 |            1 |
|     67108864 |           12 |        22.98 |            1 |
|     67108864 |           13 |        22.93 |            1 |
|     67108864 |           14 |        22.98 |            1 |
|     67108864 |           15 |        23.47 |            1 |
|     67108864 |           16 |        23.43 |            1 |
|     67108864 |           17 |        23.92 |            1 |
|     67108864 |           18 |        24.17 |            1 |
|     67108864 |           19 |        24.32 |            1 |
|     67108864 |           20 |        24.61 |            1 |
|     67108864 |           21 |        24.85 |            1 |
|     67108864 |           22 |        24.92 |            1 |
|     67108864 |           23 |        25.15 |            1 |
|     67108864 |           24 |        25.28 |            1 |
|     67108864 |           25 |        25.53 |            1 |
|     67108864 |           26 |        25.74 |            1 |
|     67108864 |           27 |        26.00 |            1 |
|     67108864 |           28 |        26.01 |            1 |
|     67108864 |           29 |        26.20 |            1 |
|     67108864 |           30 |        26.43 |            1 |
|     67108864 |           31 |        26.35 |            1 |
|     67108864 |           32 |        26.49 |            1 |
|     67108864 |           33 |        26.64 |            1 |
|     67108864 |           34 |        26.64 |            1 |
|     67108864 |           35 |        26.66 |            1 |
|     67108864 |           36 |        26.86 |            1 |
|     67108864 |           37 |        26.78 |            1 |
|     67108864 |           38 |        26.82 |            1 |
|     67108864 |           39 |        26.94 |            1 |
|     67108864 |           40 |        26.78 |            1 |
|     67108864 |           41 |        26.94 |            1 |
|     67108864 |           42 |        27.01 |            1 |
|     67108864 |           43 |        27.00 |            1 |
|     67108864 |           44 |        26.99 |            1 |
|     67108864 |           45 |        27.09 |            1 |
|     67108864 |           46 |        27.06 |            1 |
|     67108864 |           47 |        27.10 |            1 |
|     67108864 |           48 |        27.15 |            1 |


2h)
N = 67108864  Performance in MFLOPS.
| Dataset size |      Threads |       MFLOPS |       Cycles |
|     67108864 |            1 |      2537.10 |            1 |
|     67108864 |            2 |      5319.63 |            1 |
|     67108864 |            3 |      3675.93 |            1 |
|     67108864 |            4 |      4201.31 |            1 |
|     67108864 |            5 |      4405.73 |            1 |
|     67108864 |            6 |     15712.44 |            1 |
|     67108864 |            7 |     17553.49 |            1 |
|     67108864 |            8 |     21318.88 |            1 |
|     67108864 |            9 |     22626.66 |            1 |
|     67108864 |           10 |     24704.51 |            1 |
|     67108864 |           11 |     26525.97 |            1 |
|     67108864 |           12 |     28522.86 |            1 |
|     67108864 |           13 |     29176.33 |            1 |
|     67108864 |           14 |     31225.45 |            1 |
|     67108864 |           15 |     29697.62 |            1 |
|     67108864 |           16 |     35323.34 |            1 |
|     67108864 |           17 |     34965.28 |            1 |
|     67108864 |           18 |     33006.82 |            1 |
|     67108864 |           19 |     35439.07 |            1 |
|     67108864 |           20 |     36263.11 |            1 |
|     67108864 |           21 |     34247.58 |            1 |
|     67108864 |           22 |     37367.62 |            1 |
|     67108864 |           23 |     36902.41 |            1 |
|     67108864 |           24 |     38393.04 |            1 |
|     67108864 |           25 |     38160.84 |            1 |
|     67108864 |           26 |     38415.00 |            1 |
|     67108864 |           27 |     37610.45 |            1 |
|     67108864 |           28 |     39300.59 |            1 |
|     67108864 |           29 |     38887.14 |            1 |
|     67108864 |           30 |     38406.53 |            1 |
|     67108864 |           31 |     39096.59 |            1 |
|     67108864 |           32 |     40017.61 |            1 |
|     67108864 |           33 |     38939.38 |            1 |
|     67108864 |           34 |     39104.91 |            1 |
|     67108864 |           35 |     39637.65 |            1 |
|     67108864 |           36 |     39975.05 |            1 |
|     67108864 |           37 |     39975.30 |            1 |
|     67108864 |           38 |     40000.66 |            1 |
|     67108864 |           39 |     39952.69 |            1 |
|     67108864 |           40 |     39963.37 |            1 |
|     67108864 |           41 |     40192.92 |            1 |
|     67108864 |           42 |     40104.54 |            1 |
|     67108864 |           43 |     40311.60 |            1 |
|     67108864 |           44 |     40114.01 |            1 |
|     67108864 |           45 |     40298.75 |            1 |
|     67108864 |           46 |     40181.63 |            1 |
|     67108864 |           47 |     40147.73 |            1 |
|     67108864 |           48 |     40020.57 |            1 |


N = 1048576 Performance in MFLOPS.
| Dataset size |      Threads |       MFLOPS |       Cycles |
|      1048576 |            1 |      2812.94 |            1 |
|      1048576 |            2 |      5632.46 |            1 |
|      1048576 |            3 |      8141.06 |            1 |
|      1048576 |            4 |     11105.30 |            1 |
|      1048576 |            5 |     12655.54 |            1 |
|      1048576 |            6 |     15607.15 |            1 |
|      1048576 |            7 |     17301.57 |            1 |
|      1048576 |            8 |     19267.89 |            1 |
|      1048576 |            9 |     20166.58 |            1 |
|      1048576 |           10 |     20076.32 |            1 |
|      1048576 |           11 |     20306.97 |            1 |
|      1048576 |           12 |     23691.19 |            1 |
|      1048576 |           13 |     25763.12 |            1 |
|      1048576 |           14 |     22588.93 |            1 |
|      1048576 |           15 |     24063.35 |            1 |
|      1048576 |           16 |     26834.61 |            1 |
|      1048576 |           17 |     29257.07 |            1 |
|      1048576 |           18 |     27406.16 |            1 |
|      1048576 |           19 |     29188.05 |            1 |
|      1048576 |           20 |     31488.42 |            1 |
|      1048576 |           21 |     32282.94 |            1 |
|      1048576 |           22 |     30114.74 |            1 |
|      1048576 |           23 |     30192.27 |            1 |
|      1048576 |           24 |     33442.24 |            1 |
|      1048576 |           25 |     35928.77 |            1 |
|      1048576 |           26 |     33973.02 |            1 |
|      1048576 |           27 |     33394.63 |            1 |
|      1048576 |           28 |     35599.33 |            1 |
|      1048576 |           29 |     39367.13 |            1 |
|      1048576 |           30 |     37032.53 |            1 |
|      1048576 |           31 |     33939.23 |            1 |
|      1048576 |           32 |     37013.05 |            1 |
|      1048576 |           33 |     40206.40 |            1 |
|      1048576 |           34 |     36008.06 |            1 |
|      1048576 |           35 |     34554.83 |            1 |
|      1048576 |           36 |     38019.18 |            1 |
|      1048576 |           37 |     41362.96 |            1 |
|      1048576 |           38 |     41486.42 |            1 |
|      1048576 |           39 |     38451.55 |            1 |
|      1048576 |           40 |     39412.61 |            1 |
|      1048576 |           41 |     41265.94 |            1 |
|      1048576 |           42 |     42522.09 |            1 |
|      1048576 |           43 |     34514.57 |            1 |
|      1048576 |           44 |     42736.76 |            1 |
|      1048576 |           45 |     43383.94 |            1 |
|      1048576 |           46 |     42417.96 |            1 |
|      1048576 |           47 |     41323.49 |            1 |
|      1048576 |           48 |     43855.41 |            1 |


2i) 
case 1:
N = 131072 and REP = 4194304. Performance in MFLOPS.
| Dataset size |      Threads |       MFLOPS |       Cycles |
|       131072 |            1 |      3572.92 |            1 |
|       131072 |            2 |      6704.34 |            1 |
|       131072 |            3 |      9149.49 |            1 |
|       131072 |            4 |     11644.67 |            1 |
|       131072 |            5 |     13186.31 |            1 |
|       131072 |            6 |     13944.07 |            1 |
|       131072 |            7 |     17088.09 |            1 |
|       131072 |            8 |     18898.55 |            1 |
|       131072 |            9 |     20447.11 |            1 |
|       131072 |           10 |     21382.18 |            1 |
|       131072 |           11 |     20837.65 |            1 |
|       131072 |           12 |     22385.48 |            1 |
|       131072 |           13 |     22695.93 |            1 |
|       131072 |           14 |        26.17 |            1 |
|       131072 |           15 |     23386.09 |            1 |
|       131072 |           16 |        13.12 |            1 |
|       131072 |           17 |     21681.94 |            1 |
|       131072 |           18 |        26.20 |            1 |
|       131072 |           19 |     21990.23 |            1 |
|       131072 |           20 |        13.12 |            1 |
|       131072 |           21 |     22619.33 |            1 |
|       131072 |           22 |        26.20 |            1 |
|       131072 |           23 |     23939.02 |            1 |
|       131072 |           24 |        13.12 |            1 |
|       131072 |           25 |     22482.03 |            1 |
|       131072 |           26 |        26.17 |            1 |
|       131072 |           27 |     22637.52 |            1 |
|       131072 |           28 |        13.12 |            1 |
|       131072 |           29 |     20384.92 |            1 |
|       131072 |           30 |     20986.80 |            1 |
|       131072 |           31 |        26.15 |            1 |
|       131072 |           32 |     21398.43 |            1 |
|       131072 |           33 |     19752.63 |            1 |
|       131072 |           34 |        13.12 |            1 |
|       131072 |           35 |        13.12 |            1 |
|       131072 |           36 |     20011.02 |            1 |
|       131072 |           37 |     21628.63 |            1 |
|       131072 |           38 |     20320.17 |            1 |
|       131072 |           39 |     18722.56 |            1 |
|       131072 |           40 |     20902.64 |            1 |
|       131072 |           41 |     20367.22 |            1 |
|       131072 |           42 |        13.12 |            1 |
|       131072 |           43 |        13.12 |            1 |
|       131072 |           44 |        26.20 |            1 |
|       131072 |           45 |     20497.74 |            1 |
|       131072 |           46 |        13.12 |            1 |
|       131072 |           47 |        13.13 |            1 |
|       131072 |           48 |        13.12 |            1 |


case 2:
N = 131072 and REP = 4194304. Performance in MFLOPS.
| Dataset size |      Threads |       MFLOPS |       Cycles |
|       131072 |            1 |      3670.39 |            1 |
|       131072 |            2 |      6780.90 |            1 |
|       131072 |            3 |      9335.82 |            1 |
|       131072 |            4 |     11427.21 |            1 |
|       131072 |            5 |        13.14 |            1 |
|       131072 |            6 |     14293.87 |            1 |
|       131072 |            7 |     16528.18 |            1 |
|       131072 |            8 |     19965.60 |            1 |
|       131072 |            9 |        26.10 |            1 |
|       131072 |           10 |        26.21 |            1 |
|       131072 |           11 |     23534.70 |            1 |
|       131072 |           12 |     23979.81 |            1 |
|       131072 |           13 |        13.12 |            1 |
|       131072 |           14 |        26.18 |            1 |
|       131072 |           15 |     26242.31 |            1 |
|       131072 |           16 |     23681.22 |            1 |
|       131072 |           17 |        13.12 |            1 |
|       131072 |           18 |     24049.47 |            1 |
|       131072 |           19 |     24387.02 |            1 |
|       131072 |           20 |     25037.80 |            1 |
|       131072 |           21 |        26.17 |            1 |
|       131072 |           22 |     25904.19 |            1 |
|       131072 |           23 |     26139.95 |            1 |
|       131072 |           24 |     25724.27 |            1 |
|       131072 |           25 |     26110.85 |            1 |
|       131072 |           26 |     26534.22 |            1 |
|       131072 |           27 |     26669.98 |            1 |
|       131072 |           28 |     27023.33 |            1 |
|       131072 |           29 |        13.12 |            1 |
|       131072 |           30 |     27563.16 |            1 |
|       131072 |           31 |     28158.76 |            1 |
|       131072 |           32 |     28898.87 |            1 |
|       131072 |           33 |        26.15 |            1 |
|       131072 |           34 |     28552.95 |            1 |
|       131072 |           35 |     28431.82 |            1 |
|       131072 |           36 |     28970.25 |            1 |
|       131072 |           37 |        26.16 |            1 |
|       131072 |           38 |     28277.57 |            1 |
|       131072 |           39 |     28869.23 |            1 |
|       131072 |           40 |     28804.23 |            1 |
|       131072 |           41 |        26.18 |            1 |
|       131072 |           42 |     27248.30 |            1 |
|       131072 |           43 |     28680.96 |            1 |
|       131072 |           44 |     28431.82 |            1 |
|       131072 |           45 |        26.18 |            1 |
|       131072 |           46 |        26.21 |            1 |
|       131072 |           47 |     27338.28 |            1 |
|       131072 |           48 |        13.12 |            1 |



case 4:
N = 6710864 and REP = 6710864. Performance in MFLOPS.
| Dataset size |      Threads |       MFLOPS |       Cycles |
|      6710864 |            1 |      2710.68 |            2 |
|      6710864 |            2 |      4469.61 |            2 |
|      6710864 |            3 |      6217.93 |            2 |
|      6710864 |            4 |      5410.43 |            2 |
|      6710864 |            5 |      5239.85 |            2 |
|      6710864 |            6 |      5129.63 |            2 |
|      6710864 |            7 |      2662.78 |            2 |
|      6710864 |            8 |      5238.57 |            2 |
|      6710864 |            9 |      2673.25 |            2 |
|      6710864 |           10 |      5452.08 |            2 |
|      6710864 |           11 |      2667.25 |            2 |
|      6710864 |           12 |      5260.40 |            2 |
|      6710864 |           13 |      2652.07 |            2 |
|      6710864 |           14 |      5365.25 |            2 |
|      6710864 |           15 |      4896.38 |            2 |
|      6710864 |           16 |      5186.56 |            2 |
|      6710864 |           17 |      5271.45 |            2 |
|      6710864 |           18 |      2673.85 |            2 |
|      6710864 |           19 |      4988.73 |            2 |
|      6710864 |           20 |      5142.04 |            2 |
|      6710864 |           21 |      5215.44 |            2 |
|      6710864 |           22 |      5217.67 |            2 |
|      6710864 |           23 |      2664.20 |            2 |
|      6710864 |           24 |      5156.83 |            2 |
|      6710864 |           25 |      5212.21 |            2 |
|      6710864 |           26 |      2674.77 |            2 |
|      6710864 |           27 |      1345.37 |            2 |
|      6710864 |           28 |      5165.15 |            2 |
|      6710864 |           29 |      2653.02 |            2 |
|      6710864 |           30 |      5156.11 |            2 |
|      6710864 |           31 |      5018.30 |            2 |
|      6710864 |           32 |      5130.64 |            2 |
|      6710864 |           33 |       895.50 |            2 |
|      6710864 |           34 |      5140.36 |            2 |
|      6710864 |           35 |      5052.46 |            2 |
|      6710864 |           36 |      5183.05 |            2 |
|      6710864 |           37 |      2674.57 |            2 |
|      6710864 |           38 |      1344.95 |            2 |
|      6710864 |           39 |      1777.49 |            2 |
|      6710864 |           40 |      5184.25 |            2 |
|      6710864 |           41 |      5172.96 |            2 |
|      6710864 |           42 |      5122.73 |            2 |
|      6710864 |           43 |      5106.75 |            2 |
|      6710864 |           44 |      5189.22 |            2 |
|      6710864 |           45 |      1345.09 |            2 |
|      6710864 |           46 |      1345.03 |            2 |
|      6710864 |           47 |      1348.39 |            2 |
|      6710864 |           48 |      1342.36 |            2 |


case 3
N = 6710864 and REP = 6710864. Performance in MFLOPS.
| Dataset size |      Threads |       MFLOPS |       Cycles |
|      6710864 |            1 |      2724.10 |            2 |
|      6710864 |            2 |      4661.60 |            2 |
|      6710864 |            3 |      6284.47 |            2 |
|      6710864 |            4 |      5418.42 |            2 |
|      6710864 |            5 |      6557.69 |            2 |
|      6710864 |            6 |      1355.69 |            2 |
|      6710864 |            7 |      2669.44 |            2 |
|      6710864 |            8 |      1353.44 |            2 |
|      6710864 |            9 |      5865.07 |            2 |
|      6710864 |           10 |      2703.51 |            2 |
|      6710864 |           11 |      5935.17 |            2 |
|      6710864 |           12 |      1346.17 |            2 |
|      6710864 |           13 |      5589.62 |            2 |
|      6710864 |           14 |      5630.60 |            2 |
|      6710864 |           15 |      5650.62 |            2 |
|      6710864 |           16 |      2679.28 |            2 |
|      6710864 |           17 |      5429.07 |            2 |
|      6710864 |           18 |      1346.01 |            2 |
|      6710864 |           19 |      5480.30 |            2 |
|      6710864 |           20 |      1344.39 |            2 |
|      6710864 |           21 |      5358.34 |            2 |
|      6710864 |           22 |      5403.67 |            2 |
|      6710864 |           23 |      5392.71 |            2 |
|      6710864 |           24 |      2668.95 |            2 |
|      6710864 |           25 |      5323.84 |            2 |
|      6710864 |           26 |      5346.94 |            2 |
|      6710864 |           27 |      5339.77 |            2 |
|      6710864 |           28 |      1344.43 |            2 |
|      6710864 |           29 |      5293.84 |            2 |
|      6710864 |           30 |      1344.13 |            2 |
|      6710864 |           31 |      5289.42 |            2 |
|      6710864 |           32 |      5148.82 |            2 |
|      6710864 |           33 |      5263.36 |            2 |
|      6710864 |           34 |      5290.31 |            2 |
|      6710864 |           35 |      5255.61 |            2 |
|      6710864 |           36 |      5166.23 |            2 |
|      6710864 |           37 |      5233.49 |            2 |
|      6710864 |           38 |      5262.40 |            2 |
|      6710864 |           39 |      5220.97 |            2 |
|      6710864 |           40 |      5181.82 |            2 |
|      6710864 |           41 |      5206.39 |            2 |
|      6710864 |           42 |      1341.54 |            2 |
|      6710864 |           43 |      5231.30 |            2 |
|      6710864 |           44 |      2678.42 |            2 |
|      6710864 |           45 |      5192.25 |            2 |
|      6710864 |           46 |      5233.92 |            2 |
|      6710864 |           47 |      5170.14 |            2 |
|      6710864 |           48 |      1344.93 |            2 |


j) case 4:
N = 6710864 and REP = 6710864. Performance in MFLOPS.
| Dataset size |      Threads |       MFLOPS |       Cycles |
|      6710864 |            1 |      1641.81 |            2 |
|      6710864 |            2 |      1640.69 |            2 |
|      6710864 |            3 |      1635.81 |            2 |
|      6710864 |            4 |      1638.96 |            2 |
|      6710864 |            5 |      1638.64 |            2 |
|      6710864 |            6 |      1641.36 |            2 |
|      6710864 |            7 |      1641.49 |            2 |
|      6710864 |            8 |      1639.96 |            2 |
|      6710864 |            9 |      1639.59 |            2 |
|      6710864 |           10 |      1640.11 |            2 |
|      6710864 |           11 |      1639.58 |            2 |
|      6710864 |           12 |      1640.16 |            2 |
|      6710864 |           13 |      1638.62 |            2 |
|      6710864 |           14 |      1641.01 |            2 |
|      6710864 |           15 |      1639.80 |            2 |
|      6710864 |           16 |      1641.87 |            2 |
|      6710864 |           17 |      1639.70 |            2 |
|      6710864 |           18 |      1638.40 |            2 |
|      6710864 |           19 |      1638.86 |            2 |
|      6710864 |           20 |      1641.15 |            2 |
|      6710864 |           21 |      1641.44 |            2 |
|      6710864 |           22 |      1638.37 |            2 |
|      6710864 |           23 |      1639.81 |            2 |
|      6710864 |           24 |      1639.70 |            2 |
|      6710864 |           25 |      1640.88 |            2 |
|      6710864 |           26 |      1641.38 |            2 |
|      6710864 |           27 |      1639.36 |            2 |
|      6710864 |           28 |      1637.86 |            2 |
|      6710864 |           29 |      1639.54 |            2 |
|      6710864 |           30 |      1641.52 |            2 |
|      6710864 |           31 |      1642.35 |            2 |
|      6710864 |           32 |      1640.28 |            2 |
|      6710864 |           33 |      1639.92 |            2 |
|      6710864 |           34 |      1640.84 |            2 |
|      6710864 |           35 |      1639.59 |            2 |
|      6710864 |           36 |      1641.37 |            2 |
|      6710864 |           37 |      1637.36 |            2 |
|      6710864 |           38 |      1640.98 |            2 |
|      6710864 |           39 |      1639.78 |            2 |
|      6710864 |           40 |      1642.51 |            2 |
|      6710864 |           41 |      1641.13 |            2 |
|      6710864 |           42 |      1638.98 |            2 |
|      6710864 |           43 |      1638.44 |            2 |
|      6710864 |           44 |      1639.61 |            2 |
|      6710864 |           45 |      1641.54 |            2 |
|      6710864 |           46 |      1641.19 |            2 |
|      6710864 |           47 |      1640.63 |            2 |
|      6710864 |           48 |      1638.76 |            2 |


case 3:
N = 6710864 and REP = 6710864. Performance in MFLOPS.
| Dataset size |      Threads |       MFLOPS |       Cycles |
|      6710864 |            1 |      1639.83 |            2 |
|      6710864 |            2 |      1640.09 |            2 |
|      6710864 |            3 |      1637.73 |            2 |
|      6710864 |            4 |      1636.86 |            2 |
|      6710864 |            5 |      1637.97 |            2 |
|      6710864 |            6 |      1639.81 |            2 |
|      6710864 |            7 |      1640.18 |            2 |
|      6710864 |            8 |      1638.33 |            2 |
|      6710864 |            9 |      1637.75 |            2 |
|      6710864 |           10 |      1636.43 |            2 |
|      6710864 |           11 |      1640.65 |            2 |
|      6710864 |           12 |      1639.61 |            2 |
|      6710864 |           13 |      1637.23 |            2 |
|      6710864 |           14 |      1638.37 |            2 |
|      6710864 |           15 |      1638.61 |            2 |
|      6710864 |           16 |      1639.92 |            2 |
|      6710864 |           17 |      1640.06 |            2 |
|      6710864 |           18 |      1638.74 |            2 |
|      6710864 |           19 |      1637.05 |            2 |
|      6710864 |           20 |      1637.64 |            2 |
|      6710864 |           21 |      1637.74 |            2 |
|      6710864 |           22 |      1640.34 |            2 |
|      6710864 |           23 |      1637.43 |            2 |
|      6710864 |           24 |      1636.37 |            2 |
|      6710864 |           25 |      1634.81 |            2 |
|      6710864 |           26 |      1639.37 |            2 |
|      6710864 |           27 |      1640.17 |            2 |
|      6710864 |           28 |      1638.11 |            2 |
|      6710864 |           29 |      1632.77 |            2 |
|      6710864 |           30 |      1638.75 |            2 |
|      6710864 |           31 |      1640.49 |            2 |
|      6710864 |           32 |      1640.39 |            2 |
|      6710864 |           33 |      1636.31 |            2 |
|      6710864 |           34 |      1637.20 |            2 |
|      6710864 |           35 |      1638.71 |            2 |
|      6710864 |           36 |      1641.10 |            2 |
|      6710864 |           37 |      1637.68 |            2 |
|      6710864 |           38 |      1638.29 |            2 |
|      6710864 |           39 |      1638.77 |            2 |
|      6710864 |           40 |      1639.91 |            2 |
|      6710864 |           41 |      1639.67 |            2 |
|      6710864 |           42 |      1635.81 |            2 |
|      6710864 |           43 |      1638.16 |            2 |
|      6710864 |           44 |      1637.74 |            2 |
|      6710864 |           45 |      1639.69 |            2 |
|      6710864 |           46 |      1639.87 |            2 |
|      6710864 |           47 |      1639.10 |            2 |
|      6710864 |           48 |      1639.29 |            2 |


case 1:
N = 131072 and REP = 6710864. Performance in MFLOPS.
| Dataset size |      Threads |       MFLOPS |       Cycles |
|       131072 |            1 |      1796.73 |            1 |
|       131072 |            2 |      1812.37 |            1 |
|       131072 |            3 |      1837.02 |            1 |
|       131072 |            4 |      1847.09 |            1 |
|       131072 |            5 |      1855.74 |            1 |
|       131072 |            6 |      1862.07 |            1 |
|       131072 |            7 |      1872.31 |            1 |
|       131072 |            8 |      1864.44 |            1 |
|       131072 |            9 |      1842.45 |            1 |
|       131072 |           10 |      1857.43 |            1 |
|       131072 |           11 |      1858.78 |            1 |
|       131072 |           12 |      1861.56 |            1 |
|       131072 |           13 |      1854.42 |            1 |
|       131072 |           14 |      1858.66 |            1 |
|       131072 |           15 |      1859.93 |            1 |
|       131072 |           16 |      1859.81 |            1 |
|       131072 |           17 |      1870.56 |            1 |
|       131072 |           18 |      1867.49 |            1 |
|       131072 |           19 |      1866.32 |            1 |
|       131072 |           20 |      1867.36 |            1 |
|       131072 |           21 |      1869.64 |            1 |
|       131072 |           22 |      1870.29 |            1 |
|       131072 |           23 |      1866.17 |            1 |
|       131072 |           24 |      1869.37 |            1 |
|       131072 |           25 |      1867.76 |            1 |
|       131072 |           26 |      1869.22 |            1 |
|       131072 |           27 |      1866.17 |            1 |
|       131072 |           28 |      1867.24 |            1 |
|       131072 |           29 |      1868.43 |            1 |
|       131072 |           30 |      1870.56 |            1 |
|       131072 |           31 |      1866.03 |            1 |
|       131072 |           32 |      1868.30 |            1 |
|       131072 |           33 |      1867.63 |            1 |
|       131072 |           34 |      1868.18 |            1 |
|       131072 |           35 |      1868.03 |            1 |
|       131072 |           36 |      1870.86 |            1 |
|       131072 |           37 |      1867.78 |            1 |
|       131072 |           38 |      1868.58 |            1 |
|       131072 |           39 |      1869.50 |            1 |
|       131072 |           40 |      1869.77 |            1 |
|       131072 |           41 |      1870.84 |            1 |
|       131072 |           42 |      1869.64 |            1 |
|       131072 |           43 |      1871.36 |            1 |
|       131072 |           44 |      1869.52 |            1 |
|       131072 |           45 |      1870.17 |            1 |
|       131072 |           46 |      1868.85 |            1 |
|       131072 |           47 |      1867.11 |            1 |
|       131072 |           48 |      1868.97 |            1 |

case 2:
N = 131072 and REP = 6710864. Performance in MFLOPS.
| Dataset size |      Threads |       MFLOPS |       Cycles |
|       131072 |            1 |      1790.23 |            1 |
|       131072 |            2 |      1501.55 |            1 |
|       131072 |            3 |      1869.10 |            1 |
|       131072 |            4 |      1872.46 |            1 |
|       131072 |            5 |      1871.11 |            1 |
|       131072 |            6 |      1870.56 |            1 |
|       131072 |            7 |      1872.03 |            1 |
|       131072 |            8 |      1869.92 |            1 |
|       131072 |            9 |      1869.10 |            1 |
|       131072 |           10 |      1872.33 |            1 |
|       131072 |           11 |      1870.29 |            1 |
|       131072 |           12 |      1870.84 |            1 |
|       131072 |           13 |      1870.99 |            1 |
|       131072 |           14 |      1872.85 |            1 |
|       131072 |           15 |      1871.76 |            1 |
|       131072 |           16 |      1871.21 |            1 |
|       131072 |           17 |      1870.32 |            1 |
|       131072 |           18 |      1866.45 |            1 |
|       131072 |           19 |      1869.77 |            1 |
|       131072 |           20 |      1872.03 |            1 |
|       131072 |           21 |      1870.17 |            1 |
|       131072 |           22 |      1871.63 |            1 |
|       131072 |           23 |      1848.53 |            1 |
|       131072 |           24 |      1870.17 |            1 |
|       131072 |           25 |      1862.47 |            1 |
|       131072 |           26 |      1865.38 |            1 |
|       131072 |           27 |      1869.92 |            1 |
|       131072 |           28 |      1865.11 |            1 |
|       131072 |           29 |      1867.66 |            1 |
|       131072 |           30 |      1862.62 |            1 |
|       131072 |           31 |      1869.37 |            1 |
|       131072 |           32 |      1874.45 |            1 |
|       131072 |           33 |      1870.84 |            1 |
|       131072 |           34 |      1872.98 |            1 |
|       131072 |           35 |      1868.06 |            1 |
|       131072 |           36 |      1872.98 |            1 |
|       131072 |           37 |      1872.68 |            1 |
|       131072 |           38 |      1872.83 |            1 |
|       131072 |           39 |      1867.51 |            1 |
|       131072 |           40 |      1868.58 |            1 |
|       131072 |           41 |      1713.78 |            1 |
|       131072 |           42 |      1862.20 |            1 |
|       131072 |           43 |      1859.15 |            1 |
|       131072 |           44 |      1867.63 |            1 |
|       131072 |           45 |      1854.84 |            1 |
|       131072 |           46 |      1845.40 |            1 |
|       131072 |           47 |      1869.10 |            1 |
|       131072 |           48 |      1873.90 |            1 |
